   7.292362         5.555555    
   7.909752        0.0000000E+00
   8.527143        0.0000000E+00
   9.144533         5.555555    
   9.761925        0.0000000E+00
   10.37932        0.0000000E+00
   10.99671         5.555555    
   11.61410        0.0000000E+00
   12.23149         5.555555    
   12.84888        0.0000000E+00
   13.46627         5.555555    
   14.08366         5.555555    
   14.70105         5.555555    
   15.31844        0.0000000E+00
   15.93583         5.555555    
   16.55322        0.0000000E+00
   17.17061        0.0000000E+00
   17.78801         5.555555    
   18.40540        0.0000000E+00
   19.02279         50.00000    
