   30.00000      2.6331046E-09  8.1185398E-08  0.0000000E+00
   30.10000      3.1498275E-09  9.5544721E-08  8.4562765E-12
   30.20000      3.7648844E-09  1.1235181E-07  8.1863412E-11
   30.30000      4.4963611E-09  1.3200759E-07  3.3981729E-10
   30.40000      5.3655533E-09  1.5497541E-07  9.8867114E-10
   30.50000      6.3975816E-09  1.8179109E-07  2.3590099E-09
   30.60000      7.6218747E-09  2.1307292E-07  4.9528706E-09
   30.70000      9.0730472E-09  2.4953380E-07  9.5030961E-09
   30.80000      1.0791724E-08  2.9199512E-07  1.7046927E-08
   30.90000      1.2825418E-08  3.4140191E-07  2.9014631E-08
   31.00000      1.5229979E-08  3.9884478E-07  4.7341555E-08
   31.10000      1.8070601E-08  4.6557204E-07  7.4595654E-08
   31.20000      2.1423585E-08  5.4301938E-07  1.1412232E-07
   31.30000      2.5377938E-08  6.3283267E-07  1.7022435E-07
   31.40000      3.0037597E-08  7.3689739E-07  2.4838735E-07
   31.50000      3.5523872E-08  8.5737798E-07  3.5549320E-07
   31.60000      4.1977998E-08  9.9674071E-07  5.0006742E-07
   31.70000      4.9564164E-08  1.1578119E-06  6.9264536E-07
   31.80000      5.8473528E-08  1.3438141E-06  9.4610442E-07
   31.90000      6.8927960E-08  1.5584222E-06  1.2760200E-06
   32.00000      8.1185398E-08  1.8058317E-06  1.7010874E-06
   32.10000      9.5544898E-08  2.0908178E-06  2.2436539E-06
   32.20000      1.1235181E-07  2.4187893E-06  2.9302612E-06
   32.30000      1.3200720E-07  2.7959218E-06  3.7924115E-06
   32.40000      1.5497571E-07  3.2292430E-06  4.8668167E-06
   32.50000      1.8179109E-07  3.7266532E-06  6.1966070E-06
   32.60000      2.1307332E-07  4.2971960E-06  7.8319472E-06
   32.70000      2.4953380E-07  4.9510172E-06  9.8309984E-06
   32.80000      2.9199455E-07  5.6996673E-06  1.2261518E-05
   32.90000      3.4140319E-07  6.5561985E-06  1.5200613E-05
   33.00000      3.9884478E-07  7.5352505E-06  1.8737881E-05
   33.10000      4.6557383E-07  8.6534892E-06  2.2975619E-05
   33.20000      5.4301938E-07  9.9295194E-06  2.8030585E-05
   33.30000      6.3283090E-07  1.1384413E-05  3.4037745E-05
   33.40000      7.3690018E-07  1.3041891E-05  4.1148363E-05
   33.50000      8.5737798E-07  1.4928407E-05  4.9536869E-05
   33.60000      9.9674446E-07  1.7073964E-05  5.9399870E-05
   33.70000      1.1578119E-06  1.9511859E-05  7.0959628E-05
   33.80000      1.3438116E-06  2.2279630E-05  8.4473562E-05
   33.90000      1.5584252E-06  2.5419396E-05  1.0022469E-04
   34.00000      1.8058317E-06  2.8977835E-05  1.1853703E-04
   34.10000      2.0908178E-06  3.3007611E-05  1.3977513E-04
   34.20000      2.4187893E-06  3.7566933E-05  1.6434742E-04
   34.30000      2.7959218E-06  4.2721138E-05  1.9272350E-04
   34.40000      3.2292430E-06  4.8543086E-05  2.2541235E-04
   34.50000      3.7266532E-06  5.5113174E-05  2.6299831E-04
   34.60000      4.2971960E-06  6.2521722E-05  3.0612759E-04
   34.70000      4.9510172E-06  7.0867885E-05  3.5552387E-04
   34.80000      5.6996673E-06  8.0262791E-05  4.1201158E-04
   34.90000      6.5561985E-06  9.0829359E-05  4.7646681E-04
   35.00000      7.5352505E-06  1.0270262E-04  5.4990168E-04
   35.10000      8.6534892E-06  1.1603378E-04  6.3341693E-04
   35.20000      9.9295194E-06  1.3098774E-04  7.2822795E-04
   35.30000      1.1384413E-05  1.4774827E-04  8.3572965E-04
   35.40000      1.3041891E-05  1.6651819E-04  9.5736788E-04
   35.50000      1.4928407E-05  1.8751858E-04  1.0948058E-03
   35.60000      1.7073964E-05  2.1099615E-04  1.2498437E-03
   35.70000      1.9511859E-05  2.3721845E-04  1.4244263E-03
   35.80000      2.2279630E-05  2.6648180E-04  1.6208021E-03
   35.90000      2.5419396E-05  2.9911223E-04  1.8412492E-03
   36.00000      2.8977835E-05  3.3546262E-04  2.0883910E-03
   36.10000      3.3007611E-05  3.7592559E-04  2.3650061E-03
   36.20000      3.7566933E-05  4.2092334E-04  2.6740921E-03
   36.30000      4.2721138E-05  4.7092265E-04  3.0191115E-03
   36.40000      4.8543086E-05  5.2643323E-04  3.4034892E-03
   36.50000      5.5113174E-05  5.8800477E-04  3.8311668E-03
   36.60000      6.2521722E-05  6.5624487E-04  4.3062419E-03
   36.70000      7.0867885E-05  7.3180295E-04  4.8331711E-03
   36.80000      8.0262791E-05  8.1539544E-04  5.4170545E-03
   36.90000      9.0829359E-05  9.0779859E-04  6.0627400E-03
   37.00000      1.0270262E-04  1.0098441E-03  6.7759431E-03
   37.10000      1.1603378E-04  1.1224488E-03  7.5625493E-03
   37.20000      1.3098774E-04  1.2465869E-03  8.4287161E-03
   37.30000      1.4774827E-04  1.3833236E-03  9.3817217E-03
   37.40000      1.6651819E-04  1.5338128E-03  1.0428257E-02
   37.50000      1.8751858E-04  1.6992792E-03  1.1576132E-02
   37.60000      2.1099615E-04  1.8810671E-03  1.2833402E-02
   37.70000      2.3721845E-04  2.0805963E-03  1.4208348E-02
   37.80000      2.6648180E-04  2.2994108E-03  1.5710849E-02
   37.90000      2.9911223E-04  2.5391742E-03  1.7349618E-02
   38.00000      3.3546262E-04  2.8016381E-03  1.9135145E-02
   38.10000      3.7592559E-04  3.0887236E-03  2.1077797E-02
   38.20000      4.2092334E-04  3.4024341E-03  2.3188237E-02
   38.30000      4.7092265E-04  3.7449484E-03  2.5479514E-02
   38.40000      5.2643323E-04  4.1185948E-03  2.7962295E-02
   38.50000      5.8800477E-04  4.5258077E-03  3.0649917E-02
   38.60000      6.5624487E-04  4.9692439E-03  3.3555329E-02
   38.70000      7.3180295E-04  5.4516559E-03  3.6691573E-02
   38.80000      8.1539544E-04  5.9760185E-03  4.0075034E-02
   38.90000      9.0779859E-04  6.5454943E-03  4.3718301E-02
   39.00000      1.0098441E-03  7.1633644E-03  4.7637310E-02
   39.10000      1.1224488E-03  7.8331875E-03  5.1847514E-02
   39.20000      1.2465869E-03  8.5586263E-03  5.6364097E-02
   39.30000      1.3833236E-03  9.3436167E-03  6.1206706E-02
   39.40000      1.5338128E-03  1.0192317E-02  6.6388965E-02
   39.50000      1.6992792E-03  1.1108996E-02  7.1929350E-02
   39.60000      1.8810671E-03  1.2098280E-02  7.7845342E-02
   39.70000      2.0805963E-03  1.3164874E-02  8.4152907E-02
   39.80000      2.2994108E-03  1.4313802E-02  9.0874530E-02
   39.90000      2.5391742E-03  1.5550345E-02  9.8024577E-02
   40.00000      2.8016381E-03  1.6879885E-02  0.1056227    
   40.10000      3.0887236E-03  1.8308200E-02  0.1136860    
   40.20000      3.4024341E-03  1.9841108E-02  0.1222314    
   40.30000      3.7449484E-03  2.1484820E-02  0.1312838    
   40.40000      4.1185948E-03  2.3245785E-02  0.1408539    
   40.50000      4.5258077E-03  2.5130492E-02  0.1509622    
   40.60000      4.9692439E-03  2.7145913E-02  0.1616250    
   40.70000      5.4516559E-03  2.9298957E-02  0.1728562    
   40.80000      5.9760185E-03  3.1596955E-02  0.1846820    
   40.90000      6.5454943E-03  3.4047492E-02  0.1971080    
   41.00000      7.1633644E-03  3.6658045E-02  0.2101514    
   41.10000      7.8331875E-03  3.9436650E-02  0.2238265    
   41.20000      8.5586263E-03  4.2391151E-02  0.2381414    
   41.30000      9.3436167E-03  4.5529805E-02  0.2531194    
   41.40000      1.0192317E-02  4.8861060E-02  0.2687590    
   41.50000      1.1108996E-02  5.2393142E-02  0.2850739    
   41.60000      1.2098280E-02  5.6134861E-02  0.3020684    
   41.70000      1.3164874E-02  6.0094561E-02  0.3197419    
   41.80000      1.4313802E-02  6.4281054E-02  0.3381174    
   41.90000      1.5550345E-02  6.8703279E-02  0.3571790    
   42.00000      1.6879885E-02  7.3369652E-02  0.3769301    
   42.10000      1.8308200E-02  7.8289218E-02  0.3973659    
   42.20000      1.9841108E-02  8.3470277E-02  0.4184742    
   42.30000      2.1484820E-02  8.8921577E-02  0.4402714    
   42.40000      2.3245785E-02  9.4651848E-02  0.4627209    
   42.50000      2.5130492E-02  0.1006689      0.4858161    
   42.60000      2.7145913E-02  0.1069814      0.5095423    
   42.70000      2.9298957E-02  0.1135966      0.5338672    
   42.80000      3.1596955E-02  0.1205225      0.5587985    
   42.90000      3.4047492E-02  0.1277666      0.5842770    
   43.00000      3.6658045E-02  0.1353353      0.6102837    
   43.10000      3.9436650E-02  0.1432357      0.6367859    
   43.20000      4.2391151E-02  0.1514732      0.6637310    
   43.30000      4.5529805E-02  0.1600538      0.6911179    
   43.40000      4.8861060E-02  0.1689828      0.7188613    
   43.50000      5.2393142E-02  0.1782640      0.7469274    
   43.60000      5.6134861E-02  0.1879019      0.7752610    
   43.70000      6.0094561E-02  0.1978988      0.8037938    
   43.80000      6.4281054E-02  0.2082575      0.8325107    
   43.90000      6.8703279E-02  0.2189800      0.8612974    
   44.00000      7.3369652E-02  0.2300663      0.8901094    
   44.10000      7.8289218E-02  0.2415170      0.9188736    
   44.20000      8.3470277E-02  0.2533304      0.9474957    
   44.30000      8.8921577E-02  0.2655047      0.9759516    
   44.40000      9.4651848E-02  0.2780375       1.004109    
   44.50000      0.1006689      0.2909238       1.031903    
   44.60000      0.1069814      0.3041595       1.059246    
   44.70000      0.1135966      0.3177373       1.086031    
   44.80000      0.1205225      0.3316504       1.112229    
   44.90000      0.1277666      0.3458909       1.137680    
   45.00000      0.1353353      0.3604478       1.162317    
   45.10000      0.1432357      0.3753115       1.186041    
   45.20000      0.1514732      0.3904685       1.208732    
   45.30000      0.1600538      0.4059063       1.230365    
   45.40000      0.1689828      0.4216107       1.250772    
   45.50000      0.1782640      0.4375648       1.269879    
   45.60000      0.1879019      0.4537526       1.287584    
   45.70000      0.1978988      0.4701547       1.303773    
   45.80000      0.2082575      0.4867522       1.318427    
   45.90000      0.2189800      0.5035250       1.331374    
   46.00000      0.2300663      0.5204501       1.342553    
   46.10000      0.2415170      0.5375059       1.351878    
   46.20000      0.2533304      0.5546669       1.359230    
   46.30000      0.2655047      0.5719087       1.364619    
   46.40000      0.2780375      0.5892062       1.367889    
   46.50000      0.2909238      0.6065307       1.368980    
   46.60000      0.3041595      0.6238557       1.367846    
   46.70000      0.3177373      0.6411515       1.364387    
   46.80000      0.3316504      0.6583890       1.358627    
   46.90000      0.3458909      0.6755390       1.350444    
   47.00000      0.3604478      0.6925693       1.339816    
   47.10000      0.3753115      0.7094503       1.326718    
   47.20000      0.3904685      0.7261491       1.311093    
   47.30000      0.4059063      0.7426347       1.292984    
   47.40000      0.4216107      0.7588751       1.272310    
   47.50000      0.4375648      0.7748374       1.249107    
   47.60000      0.4537526      0.7904906       1.223360    
   47.70000      0.4701547      0.8058012       1.195065    
   47.80000      0.4867522      0.8207382       1.164315    
   47.90000      0.5035250      0.8352705       1.131058    
   48.00000      0.5204501      0.8493658       1.095374    
   48.10000      0.5375059      0.8629948       1.057301    
   48.20000      0.5546669      0.8761265       1.016869    
   48.30000      0.5719087      0.8887323      0.9742095    
   48.40000      0.5892062      0.9007842      0.9293337    
   48.50000      0.6065307      0.9122541      0.8823408    
   48.60000      0.6238557      0.9231166      0.8333227    
   48.70000      0.6411515      0.9333459      0.7823523    
   48.80000      0.6583890      0.9429183      0.7295898    
   48.90000      0.6755390      0.9518121      0.6751034    
   49.00000      0.6925693      0.9600055      0.6190087    
   49.10000      0.7094503      0.9674795      0.5614445    
   49.20000      0.7261491      0.9742159      0.5025285    
   49.30000      0.7426347      0.9801987      0.4424162    
   49.40000      0.7588751      0.9854136      0.3812324    
   49.50000      0.7748374      0.9898478      0.3191231    
   49.60000      0.7904906      0.9934908      0.2562367    
   49.70000      0.8058012      0.9963333      0.1927215    
   49.80000      0.8207382      0.9983686      0.1287448    
   49.90000      0.8352705      0.9995919      6.4454801E-02
   50.00000      0.8493658       1.000000      0.0000000E+00
   50.10000      0.8629948      0.9995919     -6.4454801E-02
   50.20000      0.8761265      0.9983686     -0.1287448    
   50.30000      0.8887323      0.9963333     -0.1927262    
   50.40000      0.9007842      0.9934906     -0.2562367    
   50.50000      0.9122541      0.9898478     -0.3191255    
   50.60000      0.9231166      0.9854134     -0.3812324    
   50.70000      0.9333459      0.9801987     -0.4424091    
   50.80000      0.9429183      0.9742159     -0.5025379    
   50.90000      0.9518121      0.9674792     -0.5614445    
   51.00000      0.9600055      0.9600055     -0.6190110    
   51.10000      0.9674795      0.9518118     -0.6751034    
   51.20000      0.9742159      0.9429183     -0.7295780    
   51.30000      0.9801987      0.9333459     -0.7823711    
   51.40000      0.9854136      0.9231161     -0.8333227    
   51.50000      0.9898478      0.9122541     -0.8823432    
   51.60000      0.9934908      0.9007837     -0.9293337    
   51.70000      0.9963333      0.8887323     -0.9741883    
   51.80000      0.9983686      0.8761265      -1.016888    
   51.90000      0.9995919      0.8629944      -1.057301    
   52.00000       1.000000      0.8493658      -1.095376    
   52.10000      0.9995919      0.8352699      -1.131058    
   52.20000      0.9983686      0.8207382      -1.164294    
   52.30000      0.9963333      0.8058012      -1.195089    
   52.40000      0.9934906      0.7904900      -1.223360    
   52.50000      0.9898478      0.7748374      -1.249107    
   52.60000      0.9854134      0.7588745      -1.272310    
   52.70000      0.9801987      0.7426347      -1.292960    
   52.80000      0.9742159      0.7261491      -1.311117    
   52.90000      0.9674792      0.7094497      -1.326718    
   53.00000      0.9600055      0.6925693      -1.339821    
   53.10000      0.9518118      0.6755382      -1.350444    
   53.20000      0.9429183      0.6583890      -1.358598    
   53.30000      0.9333459      0.6411515      -1.364412    
   53.40000      0.9231161      0.6238551      -1.367845    
   53.50000      0.9122541      0.6065307      -1.368982    
   53.60000      0.9007837      0.5892054      -1.367888    
   53.70000      0.8887323      0.5719087      -1.364590    
   53.80000      0.8761265      0.5546669      -1.359254    
   53.90000      0.8629944      0.5375052      -1.351876    
   54.00000      0.8493658      0.5204501      -1.342551    
   54.10000      0.8352699      0.5035244      -1.331371    
   54.20000      0.8207382      0.4867522      -1.318397    
   54.30000      0.8058012      0.4701547      -1.303794    
   54.40000      0.7904900      0.4537520      -1.287579    
   54.50000      0.7748374      0.4375648      -1.269869    
   54.60000      0.7588745      0.4216101      -1.250764    
   54.70000      0.7426347      0.4059063      -1.230333    
   54.80000      0.7261491      0.3904685      -1.208743    
   54.90000      0.7094497      0.3753109      -1.186028    
   55.00000      0.6925693      0.3604478      -1.162300    
   55.10000      0.6755382      0.3458903      -1.137662    
   55.20000      0.6583890      0.3316504      -1.112188    
   55.30000      0.6411515      0.3177373      -1.086028    
   55.40000      0.6238551      0.3041590      -1.059220    
   55.50000      0.6065307      0.2909238      -1.031873    
   55.60000      0.5892054      0.2780370      -1.004075    
   55.70000      0.5719087      0.2655047     -0.9758938    
   55.80000      0.5546669      0.2533304     -0.9474705    
   55.90000      0.5375052      0.2415166     -0.9188266    
   56.00000      0.5204501      0.2300663     -0.8900571    
   56.10000      0.5035244      0.2189796     -0.8612396    
   56.20000      0.4867522      0.2082575     -0.8324299    
   56.30000      0.4701547      0.1978988     -0.8037381    
   56.40000      0.4537520      0.1879015     -0.7751846    
   56.50000      0.4375648      0.1782640     -0.7468442    
   56.60000      0.4216101      0.1689824     -0.7187709    
   56.70000      0.4059063      0.1600538     -0.6910061    
   56.80000      0.3904685      0.1514732     -0.6636373    
   56.90000      0.3753109      0.1432354     -0.6366725    
   57.00000      0.3604478      0.1353353     -0.6101623    
   57.10000      0.3458903      0.1277663     -0.5841472    
   57.20000      0.3316504      0.1205225     -0.5586486    
   57.30000      0.3177373      0.1135966     -0.5337293    
   57.40000      0.3041590      0.1069811     -0.5093870    
   57.50000      0.2909238      0.1006689     -0.4856530    
   57.60000      0.2780370      9.4651602E-02 -0.4625484    
   57.70000      0.2655047      8.8921577E-02 -0.4400807    
   57.80000      0.2533304      8.3470277E-02 -0.4182920    
   57.90000      0.2415166      7.8289032E-02 -0.3971682    
   58.00000      0.2300663      7.3369652E-02 -0.3767234    
   58.10000      0.2189796      6.8703115E-02 -0.3569653    
   58.20000      0.2082575      6.4281054E-02 -0.3378898    
   58.30000      0.1978988      6.0094561E-02 -0.3195198    
   58.40000      0.1879015      5.6134701E-02 -0.3018331    
   58.50000      0.1782640      5.2393142E-02 -0.2848305    
   58.60000      0.1689824      4.8860945E-02 -0.2685113    
   58.70000      0.1600538      4.5529805E-02 -0.2528617    
   58.80000      0.1514732      4.2391151E-02 -0.2378871    
   58.90000      0.1432354      3.9436549E-02 -0.2235638    
   59.00000      0.1353353      3.6658045E-02 -0.2098847    
   59.10000      0.1277663      3.4047395E-02 -0.1968380    
   59.20000      0.1205225      3.1596955E-02 -0.1844056    
   59.30000      0.1135966      2.9298957E-02 -0.1725846    
   59.40000      0.1069811      2.7145831E-02 -0.1613488    
   59.50000      0.1006689      2.5130492E-02 -0.1506845    
   59.60000      9.4651602E-02  2.3245718E-02 -0.1405765    
   59.70000      8.8921577E-02  2.1484820E-02 -0.1310041    
   59.80000      8.3470277E-02  1.9841108E-02 -0.1219577    
   59.90000      7.8289032E-02  1.8308138E-02 -0.1134115    
   60.00000      7.3369652E-02  1.6879885E-02 -0.1053496    
   60.10000      6.8703115E-02  1.5550301E-02 -9.7754844E-02
   60.20000      6.4281054E-02  1.4313802E-02 -9.0606458E-02
   60.30000      6.0094561E-02  1.3164874E-02 -8.3891794E-02
   60.40000      5.6134701E-02  1.2098240E-02 -7.7586956E-02
   60.50000      5.2393142E-02  1.1108996E-02 -7.1675450E-02
   60.60000      4.8860945E-02  1.0192283E-02 -6.6140458E-02
   60.70000      4.5529805E-02  9.3436167E-03 -6.0962498E-02
   60.80000      4.2391151E-02  8.5586263E-03 -5.6128036E-02
   60.90000      3.9436549E-02  7.8331614E-03 -5.1616713E-02
   61.00000      3.6658045E-02  7.1633644E-03 -4.7412865E-02
   61.10000      3.4047395E-02  6.5454729E-03 -4.3500796E-02
   61.20000      3.1596955E-02  5.9760185E-03 -3.9863750E-02
   61.30000      2.9298957E-02  5.4516559E-03 -3.6488850E-02
   61.40000      2.7145831E-02  4.9692271E-03 -3.3359308E-02
   61.50000      2.5130492E-02  4.5258077E-03 -3.0461274E-02
   61.60000      2.3245718E-02  4.1185794E-03 -2.7781200E-02
   61.70000      2.1484820E-02  3.7449484E-03 -2.5305411E-02
   61.80000      1.9841108E-02  3.4024341E-03 -2.3022635E-02
   61.90000      1.8308138E-02  3.0887120E-03 -2.0919304E-02
   62.00000      1.6879885E-02  2.8016381E-03 -1.8984050E-02
   62.10000      1.5550301E-02  2.5391646E-03 -1.7205995E-02
   62.20000      1.4313802E-02  2.2994108E-03 -1.5574199E-02
   62.30000      1.3164874E-02  2.0805963E-03 -1.4079427E-02
   62.40000      1.2098240E-02  1.8810600E-03 -1.2711259E-02
   62.50000      1.1108996E-02  1.6992792E-03 -1.1460785E-02
   62.60000      1.0192283E-02  1.5338077E-03 -1.0319657E-02
   62.70000      9.3436167E-03  1.3833236E-03 -9.2794364E-03
   62.80000      8.5586263E-03  1.2465869E-03 -8.3330106E-03
   62.90000      7.8331614E-03  1.1224445E-03 -7.4727619E-03
   63.00000      7.1633644E-03  1.0098441E-03 -6.6919699E-03
   63.10000      6.5454729E-03  9.0779475E-04 -5.9843767E-03
   63.20000      5.9760185E-03  8.1539544E-04 -5.3439368E-03
   63.30000      5.4516559E-03  7.3180295E-04 -4.7653816E-03
   63.40000      4.9692271E-03  6.5624167E-04 -4.2432351E-03
   63.50000      4.5258077E-03  5.8800477E-04 -3.7727663E-03
   63.60000      4.1185794E-03  5.2643096E-04 -3.3495047E-03
   63.70000      3.7449484E-03  4.7092265E-04 -2.9692184E-03
   63.80000      3.4024341E-03  4.2092334E-04 -2.6282242E-03
   63.90000      3.0887120E-03  3.7592396E-04 -2.3227790E-03
   64.00000      2.8016381E-03  3.3546262E-04 -2.0495860E-03
   64.10000      2.5391742E-03  2.9911223E-04 -1.8057660E-03
   64.20000      2.2994007E-03  2.6648052E-04 -1.5883468E-03
   64.30000      2.0805884E-03  2.3721732E-04 -1.3947655E-03
   64.40000      1.8810600E-03  2.1099513E-04 -1.2227930E-03
   64.50000      1.6992792E-03  1.8751858E-04 -1.0702052E-03
   64.60000      1.5338128E-03  1.6651819E-04 -9.3507307E-04
   64.70000      1.3833183E-03  1.4774757E-04 -8.1552932E-04
   64.80000      1.2465821E-03  1.3098711E-04 -7.0994487E-04
   64.90000      1.1224445E-03  1.1603321E-04 -6.1690423E-04
   65.00000      1.0098441E-03  1.0270262E-04 -5.3502782E-04
   65.10000      9.0779859E-04  9.0829359E-05 -4.6311607E-04
   65.20000      8.1539195E-04  8.0262333E-05 -4.0003224E-04
   65.30000      7.3180010E-04  7.0867616E-05 -3.4479369E-04
   65.40000      6.5624167E-04  6.2521365E-05 -2.9653951E-04
   65.50000      5.8800477E-04  5.5113174E-05 -2.5445133E-04
   65.60000      5.2643323E-04  4.8543086E-05 -2.1782119E-04
   65.70000      4.7092044E-04  4.2720934E-05 -1.8598905E-04
   65.80000      4.2092148E-04  3.7566751E-05 -1.5838518E-04
   65.90000      3.7592396E-04  3.3007454E-05 -1.3451056E-04
   66.00000      3.3546262E-04  2.8977835E-05 -1.1390271E-04
   66.10000      2.9911223E-04  2.5419396E-05 -9.6159914E-05
   66.20000      2.6648052E-04  2.2279524E-05 -8.0916056E-05
   66.30000      2.3721732E-04  1.9511748E-05 -6.7854162E-05
   66.40000      2.1099513E-04  1.7073868E-05 -5.6697409E-05
   66.50000      1.8751858E-04  1.4928407E-05 -4.7194211E-05
   66.60000      1.6651819E-04  1.3041891E-05 -3.9126229E-05
   66.70000      1.4774757E-04  1.1384336E-05 -3.2297357E-05
   66.80000      1.3098711E-04  9.9294612E-06 -2.6537975E-05
   66.90000      1.1603321E-04  8.6534474E-06 -2.1701117E-05
   67.00000      1.0270262E-04  7.5352505E-06 -1.7654695E-05
   67.10000      9.0829359E-05  6.5561985E-06 -1.4284450E-05
   67.20000      8.0262333E-05  5.6996400E-06 -1.1490054E-05
   67.30000      7.0867616E-05  4.9509936E-06 -9.1846487E-06
   67.40000      6.2521365E-05  4.2971756E-06 -7.2932976E-06
   67.50000      5.5113174E-05  3.7266532E-06 -5.7504681E-06
   67.60000      4.8543086E-05  3.2292430E-06 -4.4996600E-06
   67.70000      4.2720934E-05  2.7959084E-06 -3.4920949E-06
   67.80000      3.7566751E-05  2.4187757E-06 -2.6863033E-06
   67.90000      3.3007454E-05  2.0908037E-06 -2.0469688E-06
   68.00000      2.8977835E-05  1.8058317E-06 -1.5437562E-06
   68.10000      2.5419396E-05  1.5584252E-06 -1.1512949E-06
   68.20000      2.2279524E-05  1.3438026E-06 -8.4816025E-07
   68.30000      1.9511748E-05  1.1578063E-06 -6.1646307E-07
   68.40000      1.7073868E-05  9.9673787E-07 -4.4146717E-07
   68.50000      1.4928407E-05  8.5737798E-07 -3.1095891E-07
   68.60000      1.3041891E-05  7.3690018E-07 -2.1500598E-07
   68.70000      1.1384336E-05  6.3282727E-07 -1.4556878E-07
   68.80000      9.9294612E-06  5.4301574E-07 -9.6210620E-08
   68.90000      8.6534474E-06  4.6557071E-07 -6.1835827E-08
   69.00000      7.5352505E-06  3.9884478E-07 -3.8451901E-08
   69.10000      6.5561985E-06  3.4140319E-07 -2.2981702E-08
   69.20000      5.6996400E-06  2.9199259E-07 -1.3080093E-08
   69.30000      4.9509936E-06  2.4953212E-07 -6.9951609E-09
   69.40000      4.2971756E-06  2.1307231E-07 -3.4446845E-09
   69.50000      3.7266532E-06  1.8179109E-07 -1.5117740E-09
   69.60000      3.2292430E-06  1.5497571E-07 -5.5680649E-10
   69.70000      2.7959084E-06  1.3200645E-07 -1.5119020E-10
   69.80000      2.4187757E-06  1.1235095E-07 -2.0478263E-11
   69.90000      2.0908037E-06  9.5544351E-08  0.0000000E+00
   70.00000      1.8058317E-06  8.1185398E-08  0.0000000E+00
