   30.00000      2.6331046E-09  8.1185398E-08  0.0000000E+00
   30.10000      3.1498275E-09  9.5544721E-08  0.0000000E+00
   30.20000      3.7648844E-09  1.1235181E-07  0.0000000E+00
   30.30000      4.4963611E-09  1.3200759E-07  0.0000000E+00
   30.40000      5.3655533E-09  1.5497541E-07  0.0000000E+00
   30.50000      6.3975816E-09  1.8179109E-07  0.0000000E+00
   30.60000      7.6218747E-09  2.1307292E-07  0.0000000E+00
   30.70000      9.0730472E-09  2.4953380E-07  0.0000000E+00
   30.80000      1.0791724E-08  2.9199512E-07  0.0000000E+00
   30.90000      1.2825418E-08  3.4140191E-07  0.0000000E+00
   31.00000      1.5229979E-08  3.9884478E-07  0.0000000E+00
   31.10000      1.8070601E-08  4.6557204E-07  0.0000000E+00
   31.20000      2.1423585E-08  5.4301938E-07  0.0000000E+00
   31.30000      2.5377938E-08  6.3283267E-07  0.0000000E+00
   31.40000      3.0037597E-08  7.3689739E-07  0.0000000E+00
   31.50000      3.5523872E-08  8.5737798E-07  0.0000000E+00
   31.60000      4.1977998E-08  9.9674071E-07  0.0000000E+00
   31.70000      4.9564164E-08  1.1578119E-06  0.0000000E+00
   31.80000      5.8473528E-08  1.3438141E-06  0.0000000E+00
   31.90000      6.8927960E-08  1.5584222E-06  0.0000000E+00
   32.00000      8.1185398E-08  1.8058317E-06  0.0000000E+00
   32.10000      9.5544898E-08  2.0908178E-06  0.0000000E+00
   32.20000      1.1235181E-07  2.4187893E-06  0.0000000E+00
   32.30000      1.3200720E-07  2.7959218E-06  0.0000000E+00
   32.40000      1.5497571E-07  3.2292430E-06  0.0000000E+00
   32.50000      1.8179109E-07  3.7266532E-06  0.0000000E+00
   32.60000      2.1307332E-07  4.2971960E-06  0.0000000E+00
   32.70000      2.4953380E-07  4.9510172E-06  0.0000000E+00
   32.80000      2.9199455E-07  5.6996673E-06  0.0000000E+00
   32.90000      3.4140319E-07  6.5561985E-06  0.0000000E+00
   33.00000      3.9884478E-07  7.5352505E-06  0.0000000E+00
   33.10000      4.6557383E-07  8.6534892E-06  0.0000000E+00
   33.20000      5.4301938E-07  9.9295194E-06  0.0000000E+00
   33.30000      6.3283090E-07  1.1384413E-05  0.0000000E+00
   33.40000      7.3690018E-07  1.3041891E-05  0.0000000E+00
   33.50000      8.5737798E-07  1.4928407E-05  0.0000000E+00
   33.60000      9.9674446E-07  1.7073964E-05  0.0000000E+00
   33.70000      1.1578119E-06  1.9511859E-05  0.0000000E+00
   33.80000      1.3438116E-06  2.2279630E-05  0.0000000E+00
   33.90000      1.5584252E-06  2.5419396E-05  0.0000000E+00
   34.00000      1.8058317E-06  2.8977835E-05  0.0000000E+00
   34.10000      2.0908178E-06  3.3007611E-05  0.0000000E+00
   34.20000      2.4187893E-06  3.7566933E-05  0.0000000E+00
   34.30000      2.7959218E-06  4.2721138E-05  0.0000000E+00
   34.40000      3.2292430E-06  4.8543086E-05  0.0000000E+00
   34.50000      3.7266532E-06  5.5113174E-05  0.0000000E+00
   34.60000      4.2971960E-06  6.2521722E-05  0.0000000E+00
   34.70000      4.9510172E-06  7.0867885E-05  0.0000000E+00
   34.80000      5.6996673E-06  8.0262791E-05  0.0000000E+00
   34.90000      6.5561985E-06  9.0829359E-05  0.0000000E+00
   35.00000      7.5352505E-06  1.0270262E-04  0.0000000E+00
   35.10000      8.6534892E-06  1.1603378E-04  0.0000000E+00
   35.20000      9.9295194E-06  1.3098774E-04  0.0000000E+00
   35.30000      1.1384413E-05  1.4774827E-04  0.0000000E+00
   35.40000      1.3041891E-05  1.6651819E-04  0.0000000E+00
   35.50000      1.4928407E-05  1.8751858E-04  0.0000000E+00
   35.60000      1.7073964E-05  2.1099615E-04  0.0000000E+00
   35.70000      1.9511859E-05  2.3721845E-04  0.0000000E+00
   35.80000      2.2279630E-05  2.6648180E-04  0.0000000E+00
   35.90000      2.5419396E-05  2.9911223E-04  0.0000000E+00
   36.00000      2.8977835E-05  3.3546262E-04  0.0000000E+00
   36.10000      3.3007611E-05  3.7592559E-04  0.0000000E+00
   36.20000      3.7566933E-05  4.2092334E-04  0.0000000E+00
   36.30000      4.2721138E-05  4.7092265E-04  0.0000000E+00
   36.40000      4.8543086E-05  5.2643323E-04  0.0000000E+00
   36.50000      5.5113174E-05  5.8800477E-04  0.0000000E+00
   36.60000      6.2521722E-05  6.5624487E-04  0.0000000E+00
   36.70000      7.0867885E-05  7.3180295E-04  0.0000000E+00
   36.80000      8.0262791E-05  8.1539544E-04  0.0000000E+00
   36.90000      9.0829359E-05  9.0779859E-04  0.0000000E+00
   37.00000      1.0270262E-04  1.0098441E-03  0.0000000E+00
   37.10000      1.1603378E-04  1.1224488E-03  0.0000000E+00
   37.20000      1.3098774E-04  1.2465869E-03  0.0000000E+00
   37.30000      1.4774827E-04  1.3833236E-03  0.0000000E+00
   37.40000      1.6651819E-04  1.5338128E-03  0.0000000E+00
   37.50000      1.8751858E-04  1.6992792E-03  0.0000000E+00
   37.60000      2.1099615E-04  1.8810671E-03  0.0000000E+00
   37.70000      2.3721845E-04  2.0805963E-03  0.0000000E+00
   37.80000      2.6648180E-04  2.2994108E-03  0.0000000E+00
   37.90000      2.9911223E-04  2.5391742E-03  0.0000000E+00
   38.00000      3.3546262E-04  2.8016381E-03  0.0000000E+00
   38.10000      3.7592559E-04  3.0887236E-03  0.0000000E+00
   38.20000      4.2092334E-04  3.4024341E-03  0.0000000E+00
   38.30000      4.7092265E-04  3.7449484E-03  0.0000000E+00
   38.40000      5.2643323E-04  4.1185948E-03  0.0000000E+00
   38.50000      5.8800477E-04  4.5258077E-03  0.0000000E+00
   38.60000      6.5624487E-04  4.9692439E-03  0.0000000E+00
   38.70000      7.3180295E-04  5.4516559E-03  0.0000000E+00
   38.80000      8.1539544E-04  5.9760185E-03  0.0000000E+00
   38.90000      9.0779859E-04  6.5454943E-03  0.0000000E+00
   39.00000      1.0098441E-03  7.1633644E-03  0.0000000E+00
   39.10000      1.1224488E-03  7.8331875E-03  0.0000000E+00
   39.20000      1.2465869E-03  8.5586263E-03  0.0000000E+00
   39.30000      1.3833236E-03  9.3436167E-03  0.0000000E+00
   39.40000      1.5338128E-03  1.0192317E-02  0.0000000E+00
   39.50000      1.6992792E-03  1.1108996E-02  0.0000000E+00
   39.60000      1.8810671E-03  1.2098280E-02  0.0000000E+00
   39.70000      2.0805963E-03  1.3164874E-02  0.0000000E+00
   39.80000      2.2994108E-03  1.4313802E-02  0.0000000E+00
   39.90000      2.5391742E-03  1.5550345E-02  0.0000000E+00
   40.00000      2.8016381E-03  1.6879885E-02  0.0000000E+00
   40.10000      3.0887236E-03  1.8308200E-02  0.0000000E+00
   40.20000      3.4024341E-03  1.9841108E-02  0.0000000E+00
   40.30000      3.7449484E-03  2.1484820E-02  0.0000000E+00
   40.40000      4.1185948E-03  2.3245785E-02  0.0000000E+00
   40.50000      4.5258077E-03  2.5130492E-02  0.0000000E+00
   40.60000      4.9692439E-03  2.7145913E-02  0.0000000E+00
   40.70000      5.4516559E-03  2.9298957E-02  0.0000000E+00
   40.80000      5.9760185E-03  3.1596955E-02  0.0000000E+00
   40.90000      6.5454943E-03  3.4047492E-02  0.0000000E+00
   41.00000      7.1633644E-03  3.6658045E-02  0.0000000E+00
   41.10000      7.8331875E-03  3.9436650E-02  0.0000000E+00
   41.20000      8.5586263E-03  4.2391151E-02  0.0000000E+00
   41.30000      9.3436167E-03  4.5529805E-02  0.0000000E+00
   41.40000      1.0192317E-02  4.8861060E-02  0.0000000E+00
   41.50000      1.1108996E-02  5.2393142E-02  0.0000000E+00
   41.60000      1.2098280E-02  5.6134861E-02  0.0000000E+00
   41.70000      1.3164874E-02  6.0094561E-02  0.0000000E+00
   41.80000      1.4313802E-02  6.4281054E-02  0.0000000E+00
   41.90000      1.5550345E-02  6.8703279E-02  0.0000000E+00
   42.00000      1.6879885E-02  7.3369652E-02  0.0000000E+00
   42.10000      1.8308200E-02  7.8289218E-02  0.0000000E+00
   42.20000      1.9841108E-02  8.3470277E-02  0.0000000E+00
   42.30000      2.1484820E-02  8.8921577E-02  0.0000000E+00
   42.40000      2.3245785E-02  9.4651848E-02  0.0000000E+00
   42.50000      2.5130492E-02  0.1006689      0.0000000E+00
   42.60000      2.7145913E-02  0.1069814      0.0000000E+00
   42.70000      2.9298957E-02  0.1135966      0.0000000E+00
   42.80000      3.1596955E-02  0.1205225      0.0000000E+00
   42.90000      3.4047492E-02  0.1277666      0.0000000E+00
   43.00000      3.6658045E-02  0.1353353      0.0000000E+00
   43.10000      3.9436650E-02  0.1432357      0.0000000E+00
   43.20000      4.2391151E-02  0.1514732      0.0000000E+00
   43.30000      4.5529805E-02  0.1600538      0.0000000E+00
   43.40000      4.8861060E-02  0.1689828      0.0000000E+00
   43.50000      5.2393142E-02  0.1782640      0.0000000E+00
   43.60000      5.6134861E-02  0.1879019      0.0000000E+00
   43.70000      6.0094561E-02  0.1978988      0.0000000E+00
   43.80000      6.4281054E-02  0.2082575      0.0000000E+00
   43.90000      6.8703279E-02  0.2189800      0.0000000E+00
   44.00000      7.3369652E-02  0.2300663      0.0000000E+00
   44.10000      7.8289218E-02  0.2415170      0.0000000E+00
   44.20000      8.3470277E-02  0.2533304      0.0000000E+00
   44.30000      8.8921577E-02  0.2655047      0.0000000E+00
   44.40000      9.4651848E-02  0.2780375      0.0000000E+00
   44.50000      0.1006689      0.2909238      0.0000000E+00
   44.60000      0.1069814      0.3041595      0.0000000E+00
   44.70000      0.1135966      0.3177373      0.0000000E+00
   44.80000      0.1205225      0.3316504      0.0000000E+00
   44.90000      0.1277666      0.3458909      0.0000000E+00
   45.00000      0.1353353      0.3604478      0.0000000E+00
   45.10000      0.1432357      0.3753115      0.0000000E+00
   45.20000      0.1514732      0.3904685      0.0000000E+00
   45.30000      0.1600538      0.4059063      0.0000000E+00
   45.40000      0.1689828      0.4216107      0.0000000E+00
   45.50000      0.1782640      0.4375648      0.0000000E+00
   45.60000      0.1879019      0.4537526      0.0000000E+00
   45.70000      0.1978988      0.4701547      0.0000000E+00
   45.80000      0.2082575      0.4867522      0.0000000E+00
   45.90000      0.2189800      0.5035250      0.0000000E+00
   46.00000      0.2300663      0.5204501      0.0000000E+00
   46.10000      0.2415170      0.5375059      0.0000000E+00
   46.20000      0.2533304      0.5546669      0.0000000E+00
   46.30000      0.2655047      0.5719087      0.0000000E+00
   46.40000      0.2780375      0.5892062      0.0000000E+00
   46.50000      0.2909238      0.6065307      0.0000000E+00
   46.60000      0.3041595      0.6238557      0.0000000E+00
   46.70000      0.3177373      0.6411515      0.0000000E+00
   46.80000      0.3316504      0.6583890      0.0000000E+00
   46.90000      0.3458909      0.6755390      0.0000000E+00
   47.00000      0.3604478      0.6925693      0.0000000E+00
   47.10000      0.3753115      0.7094503      0.0000000E+00
   47.20000      0.3904685      0.7261491      0.0000000E+00
   47.30000      0.4059063      0.7426347      0.0000000E+00
   47.40000      0.4216107      0.7588751      0.0000000E+00
   47.50000      0.4375648      0.7748374      0.0000000E+00
   47.60000      0.4537526      0.7904906      0.0000000E+00
   47.70000      0.4701547      0.8058012      0.0000000E+00
   47.80000      0.4867522      0.8207382      0.0000000E+00
   47.90000      0.5035250      0.8352705      0.0000000E+00
   48.00000      0.5204501      0.8493658      0.0000000E+00
   48.10000      0.5375059      0.8629948      0.0000000E+00
   48.20000      0.5546669      0.8761265      0.0000000E+00
   48.30000      0.5719087      0.8887323      0.0000000E+00
   48.40000      0.5892062      0.9007842      0.0000000E+00
   48.50000      0.6065307      0.9122541      0.0000000E+00
   48.60000      0.6238557      0.9231166      0.0000000E+00
   48.70000      0.6411515      0.9333459      0.0000000E+00
   48.80000      0.6583890      0.9429183      0.0000000E+00
   48.90000      0.6755390      0.9518121      0.0000000E+00
   49.00000      0.6925693      0.9600055      0.0000000E+00
   49.10000      0.7094503      0.9674795      0.0000000E+00
   49.20000      0.7261491      0.9742159      0.0000000E+00
   49.30000      0.7426347      0.9801987      0.0000000E+00
   49.40000      0.7588751      0.9854136      0.0000000E+00
   49.50000      0.7748374      0.9898478      0.0000000E+00
   49.60000      0.7904906      0.9934908      0.0000000E+00
   49.70000      0.8058012      0.9963333      0.0000000E+00
   49.80000      0.8207382      0.9983686      0.0000000E+00
   49.90000      0.8352705      0.9995919      0.0000000E+00
   50.00000      0.8493658       1.000000      0.0000000E+00
   50.10000      0.8629948      0.9995919      0.0000000E+00
   50.20000      0.8761265      0.9983686      0.0000000E+00
   50.30000      0.8887323      0.9963333      0.0000000E+00
   50.40000      0.9007842      0.9934906      0.0000000E+00
   50.50000      0.9122541      0.9898478      0.0000000E+00
   50.60000      0.9231166      0.9854134      0.0000000E+00
   50.70000      0.9333459      0.9801987      0.0000000E+00
   50.80000      0.9429183      0.9742159      0.0000000E+00
   50.90000      0.9518121      0.9674792      0.0000000E+00
   51.00000      0.9600055      0.9600055      0.0000000E+00
   51.10000      0.9674795      0.9518118      0.0000000E+00
   51.20000      0.9742159      0.9429183      0.0000000E+00
   51.30000      0.9801987      0.9333459      0.0000000E+00
   51.40000      0.9854136      0.9231161      0.0000000E+00
   51.50000      0.9898478      0.9122541      0.0000000E+00
   51.60000      0.9934908      0.9007837      0.0000000E+00
   51.70000      0.9963333      0.8887323      0.0000000E+00
   51.80000      0.9983686      0.8761265      0.0000000E+00
   51.90000      0.9995919      0.8629944      0.0000000E+00
   52.00000       1.000000      0.8493658      0.0000000E+00
   52.10000      0.9995919      0.8352699      0.0000000E+00
   52.20000      0.9983686      0.8207382      0.0000000E+00
   52.30000      0.9963333      0.8058012      0.0000000E+00
   52.40000      0.9934906      0.7904900      0.0000000E+00
   52.50000      0.9898478      0.7748374      0.0000000E+00
   52.60000      0.9854134      0.7588745      0.0000000E+00
   52.70000      0.9801987      0.7426347      0.0000000E+00
   52.80000      0.9742159      0.7261491      0.0000000E+00
   52.90000      0.9674792      0.7094497      0.0000000E+00
   53.00000      0.9600055      0.6925693      0.0000000E+00
   53.10000      0.9518118      0.6755382      0.0000000E+00
   53.20000      0.9429183      0.6583890      0.0000000E+00
   53.30000      0.9333459      0.6411515      0.0000000E+00
   53.40000      0.9231161      0.6238551      0.0000000E+00
   53.50000      0.9122541      0.6065307      0.0000000E+00
   53.60000      0.9007837      0.5892054      0.0000000E+00
   53.70000      0.8887323      0.5719087      0.0000000E+00
   53.80000      0.8761265      0.5546669      0.0000000E+00
   53.90000      0.8629944      0.5375052      0.0000000E+00
   54.00000      0.8493658      0.5204501      0.0000000E+00
   54.10000      0.8352699      0.5035244      0.0000000E+00
   54.20000      0.8207382      0.4867522      0.0000000E+00
   54.30000      0.8058012      0.4701547      0.0000000E+00
   54.40000      0.7904900      0.4537520      0.0000000E+00
   54.50000      0.7748374      0.4375648      0.0000000E+00
   54.60000      0.7588745      0.4216101      0.0000000E+00
   54.70000      0.7426347      0.4059063      0.0000000E+00
   54.80000      0.7261491      0.3904685      0.0000000E+00
   54.90000      0.7094497      0.3753109      0.0000000E+00
   55.00000      0.6925693      0.3604478      0.0000000E+00
   55.10000      0.6755382      0.3458903      0.0000000E+00
   55.20000      0.6583890      0.3316504      0.0000000E+00
   55.30000      0.6411515      0.3177373      0.0000000E+00
   55.40000      0.6238551      0.3041590      0.0000000E+00
   55.50000      0.6065307      0.2909238      0.0000000E+00
   55.60000      0.5892054      0.2780370      0.0000000E+00
   55.70000      0.5719087      0.2655047      0.0000000E+00
   55.80000      0.5546669      0.2533304      0.0000000E+00
   55.90000      0.5375052      0.2415166      0.0000000E+00
   56.00000      0.5204501      0.2300663      0.0000000E+00
   56.10000      0.5035244      0.2189796      0.0000000E+00
   56.20000      0.4867522      0.2082575      0.0000000E+00
   56.30000      0.4701547      0.1978988      0.0000000E+00
   56.40000      0.4537520      0.1879015      0.0000000E+00
   56.50000      0.4375648      0.1782640      0.0000000E+00
   56.60000      0.4216101      0.1689824      0.0000000E+00
   56.70000      0.4059063      0.1600538      0.0000000E+00
   56.80000      0.3904685      0.1514732      0.0000000E+00
   56.90000      0.3753109      0.1432354      0.0000000E+00
   57.00000      0.3604478      0.1353353      0.0000000E+00
   57.10000      0.3458903      0.1277663      0.0000000E+00
   57.20000      0.3316504      0.1205225      0.0000000E+00
   57.30000      0.3177373      0.1135966      0.0000000E+00
   57.40000      0.3041590      0.1069811      0.0000000E+00
   57.50000      0.2909238      0.1006689      0.0000000E+00
   57.60000      0.2780370      9.4651602E-02  0.0000000E+00
   57.70000      0.2655047      8.8921577E-02  0.0000000E+00
   57.80000      0.2533304      8.3470277E-02  0.0000000E+00
   57.90000      0.2415166      7.8289032E-02  0.0000000E+00
   58.00000      0.2300663      7.3369652E-02  0.0000000E+00
   58.10000      0.2189796      6.8703115E-02  0.0000000E+00
   58.20000      0.2082575      6.4281054E-02  0.0000000E+00
   58.30000      0.1978988      6.0094561E-02  0.0000000E+00
   58.40000      0.1879015      5.6134701E-02  0.0000000E+00
   58.50000      0.1782640      5.2393142E-02  0.0000000E+00
   58.60000      0.1689824      4.8860945E-02  0.0000000E+00
   58.70000      0.1600538      4.5529805E-02  0.0000000E+00
   58.80000      0.1514732      4.2391151E-02  0.0000000E+00
   58.90000      0.1432354      3.9436549E-02  0.0000000E+00
   59.00000      0.1353353      3.6658045E-02  0.0000000E+00
   59.10000      0.1277663      3.4047395E-02  0.0000000E+00
   59.20000      0.1205225      3.1596955E-02  0.0000000E+00
   59.30000      0.1135966      2.9298957E-02  0.0000000E+00
   59.40000      0.1069811      2.7145831E-02  0.0000000E+00
   59.50000      0.1006689      2.5130492E-02  0.0000000E+00
   59.60000      9.4651602E-02  2.3245718E-02  0.0000000E+00
   59.70000      8.8921577E-02  2.1484820E-02  0.0000000E+00
   59.80000      8.3470277E-02  1.9841108E-02  0.0000000E+00
   59.90000      7.8289032E-02  1.8308138E-02  0.0000000E+00
   60.00000      7.3369652E-02  1.6879885E-02  0.0000000E+00
   60.10000      6.8703115E-02  1.5550301E-02  0.0000000E+00
   60.20000      6.4281054E-02  1.4313802E-02  0.0000000E+00
   60.30000      6.0094561E-02  1.3164874E-02  0.0000000E+00
   60.40000      5.6134701E-02  1.2098240E-02  0.0000000E+00
   60.50000      5.2393142E-02  1.1108996E-02  0.0000000E+00
   60.60000      4.8860945E-02  1.0192283E-02  0.0000000E+00
   60.70000      4.5529805E-02  9.3436167E-03  0.0000000E+00
   60.80000      4.2391151E-02  8.5586263E-03  0.0000000E+00
   60.90000      3.9436549E-02  7.8331614E-03  0.0000000E+00
   61.00000      3.6658045E-02  7.1633644E-03  0.0000000E+00
   61.10000      3.4047395E-02  6.5454729E-03  0.0000000E+00
   61.20000      3.1596955E-02  5.9760185E-03  0.0000000E+00
   61.30000      2.9298957E-02  5.4516559E-03  0.0000000E+00
   61.40000      2.7145831E-02  4.9692271E-03  0.0000000E+00
   61.50000      2.5130492E-02  4.5258077E-03  0.0000000E+00
   61.60000      2.3245718E-02  4.1185794E-03  0.0000000E+00
   61.70000      2.1484820E-02  3.7449484E-03  0.0000000E+00
   61.80000      1.9841108E-02  3.4024341E-03  0.0000000E+00
   61.90000      1.8308138E-02  3.0887120E-03  0.0000000E+00
   62.00000      1.6879885E-02  2.8016381E-03  0.0000000E+00
   62.10000      1.5550301E-02  2.5391646E-03  0.0000000E+00
   62.20000      1.4313802E-02  2.2994108E-03  0.0000000E+00
   62.30000      1.3164874E-02  2.0805963E-03  0.0000000E+00
   62.40000      1.2098240E-02  1.8810600E-03  0.0000000E+00
   62.50000      1.1108996E-02  1.6992792E-03  0.0000000E+00
   62.60000      1.0192283E-02  1.5338077E-03  0.0000000E+00
   62.70000      9.3436167E-03  1.3833236E-03  0.0000000E+00
   62.80000      8.5586263E-03  1.2465869E-03  0.0000000E+00
   62.90000      7.8331614E-03  1.1224445E-03  0.0000000E+00
   63.00000      7.1633644E-03  1.0098441E-03  0.0000000E+00
   63.10000      6.5454729E-03  9.0779475E-04  0.0000000E+00
   63.20000      5.9760185E-03  8.1539544E-04  0.0000000E+00
   63.30000      5.4516559E-03  7.3180295E-04  0.0000000E+00
   63.40000      4.9692271E-03  6.5624167E-04  0.0000000E+00
   63.50000      4.5258077E-03  5.8800477E-04  0.0000000E+00
   63.60000      4.1185794E-03  5.2643096E-04  0.0000000E+00
   63.70000      3.7449484E-03  4.7092265E-04  0.0000000E+00
   63.80000      3.4024341E-03  4.2092334E-04  0.0000000E+00
   63.90000      3.0887120E-03  3.7592396E-04  0.0000000E+00
   64.00000      2.8016381E-03  3.3546262E-04  0.0000000E+00
   64.10000      2.5391742E-03  2.9911223E-04  0.0000000E+00
   64.20000      2.2994007E-03  2.6648052E-04  0.0000000E+00
   64.30000      2.0805884E-03  2.3721732E-04  0.0000000E+00
   64.40000      1.8810600E-03  2.1099513E-04  0.0000000E+00
   64.50000      1.6992792E-03  1.8751858E-04  0.0000000E+00
   64.60000      1.5338128E-03  1.6651819E-04  0.0000000E+00
   64.70000      1.3833183E-03  1.4774757E-04  0.0000000E+00
   64.80000      1.2465821E-03  1.3098711E-04  0.0000000E+00
   64.90000      1.1224445E-03  1.1603321E-04  0.0000000E+00
   65.00000      1.0098441E-03  1.0270262E-04  0.0000000E+00
   65.10000      9.0779859E-04  9.0829359E-05  0.0000000E+00
   65.20000      8.1539195E-04  8.0262333E-05  0.0000000E+00
   65.30000      7.3180010E-04  7.0867616E-05  0.0000000E+00
   65.40000      6.5624167E-04  6.2521365E-05  0.0000000E+00
   65.50000      5.8800477E-04  5.5113174E-05  0.0000000E+00
   65.60000      5.2643323E-04  4.8543086E-05  0.0000000E+00
   65.70000      4.7092044E-04  4.2720934E-05  0.0000000E+00
   65.80000      4.2092148E-04  3.7566751E-05  0.0000000E+00
   65.90000      3.7592396E-04  3.3007454E-05  0.0000000E+00
   66.00000      3.3546262E-04  2.8977835E-05  0.0000000E+00
   66.10000      2.9911223E-04  2.5419396E-05  0.0000000E+00
   66.20000      2.6648052E-04  2.2279524E-05  0.0000000E+00
   66.30000      2.3721732E-04  1.9511748E-05  0.0000000E+00
   66.40000      2.1099513E-04  1.7073868E-05  0.0000000E+00
   66.50000      1.8751858E-04  1.4928407E-05  0.0000000E+00
   66.60000      1.6651819E-04  1.3041891E-05  0.0000000E+00
   66.70000      1.4774757E-04  1.1384336E-05  0.0000000E+00
   66.80000      1.3098711E-04  9.9294612E-06  0.0000000E+00
   66.90000      1.1603321E-04  8.6534474E-06  0.0000000E+00
   67.00000      1.0270262E-04  7.5352505E-06  0.0000000E+00
   67.10000      9.0829359E-05  6.5561985E-06  0.0000000E+00
   67.20000      8.0262333E-05  5.6996400E-06  0.0000000E+00
   67.30000      7.0867616E-05  4.9509936E-06  0.0000000E+00
   67.40000      6.2521365E-05  4.2971756E-06  0.0000000E+00
   67.50000      5.5113174E-05  3.7266532E-06  0.0000000E+00
   67.60000      4.8543086E-05  3.2292430E-06  0.0000000E+00
   67.70000      4.2720934E-05  2.7959084E-06  0.0000000E+00
   67.80000      3.7566751E-05  2.4187757E-06  0.0000000E+00
   67.90000      3.3007454E-05  2.0908037E-06  0.0000000E+00
   68.00000      2.8977835E-05  1.8058317E-06  0.0000000E+00
   68.10000      2.5419396E-05  1.5584252E-06  0.0000000E+00
   68.20000      2.2279524E-05  1.3438026E-06  0.0000000E+00
   68.30000      1.9511748E-05  1.1578063E-06  0.0000000E+00
   68.40000      1.7073868E-05  9.9673787E-07  0.0000000E+00
   68.50000      1.4928407E-05  8.5737798E-07  0.0000000E+00
   68.60000      1.3041891E-05  7.3690018E-07  0.0000000E+00
   68.70000      1.1384336E-05  6.3282727E-07  0.0000000E+00
   68.80000      9.9294612E-06  5.4301574E-07  0.0000000E+00
   68.90000      8.6534474E-06  4.6557071E-07  0.0000000E+00
   69.00000      7.5352505E-06  3.9884478E-07  0.0000000E+00
   69.10000      6.5561985E-06  3.4140319E-07  0.0000000E+00
   69.20000      5.6996400E-06  2.9199259E-07  0.0000000E+00
   69.30000      4.9509936E-06  2.4953212E-07  0.0000000E+00
   69.40000      4.2971756E-06  2.1307231E-07  0.0000000E+00
   69.50000      3.7266532E-06  1.8179109E-07  0.0000000E+00
   69.60000      3.2292430E-06  1.5497571E-07  0.0000000E+00
   69.70000      2.7959084E-06  1.3200645E-07  0.0000000E+00
   69.80000      2.4187757E-06  1.1235095E-07  0.0000000E+00
   69.90000      2.0908037E-06  9.5544351E-08  0.0000000E+00
   70.00000      1.8058317E-06  8.1185398E-08  0.0000000E+00
