   30.00000      2.6331046E-09  8.1185398E-08  0.0000000E+00
   30.10000      3.1498275E-09  9.5544721E-08 -1.1394845E-05
   30.20000      3.7648844E-09  1.1235181E-07 -4.6297529E-05
   30.30000      4.4963611E-09  1.3200759E-07 -9.7591823E-05
   30.40000      5.3655533E-09  1.5497541E-07 -1.7609555E-04
   30.50000      6.3975816E-09  1.8179109E-07 -2.6553962E-04
   30.60000      7.6218747E-09  2.1307292E-07 -3.8777813E-04
   30.70000      9.0730472E-09  2.4953380E-07 -5.1608420E-04
   30.80000      1.0791724E-08  2.9199512E-07 -6.8298954E-04
   30.90000      1.2825418E-08  3.4140191E-07 -8.5129554E-04
   31.00000      1.5229979E-08  3.9884478E-07 -1.0639742E-03
   31.10000      1.8070601E-08  4.6557204E-07 -1.2735456E-03
   31.20000      2.1423585E-08  5.4301938E-07 -1.5330904E-03
   31.30000      2.5377938E-08  6.3283267E-07 -1.7850912E-03
   31.40000      3.0037597E-08  7.3689739E-07 -2.0923768E-03
   31.50000      3.5523872E-08  8.5737798E-07 -2.3878117E-03
   31.60000      4.1977998E-08  9.9674071E-07 -2.7435222E-03
   31.70000      4.9564164E-08  1.1578119E-06 -3.0832237E-03
   31.80000      5.8473528E-08  1.3438141E-06 -3.4878559E-03
   31.90000      6.8927960E-08  1.5584222E-06 -3.8723964E-03
   32.00000      8.1185398E-08  1.8058317E-06 -4.3261205E-03
   32.10000      9.5544898E-08  2.0908178E-06 -4.7558546E-03
   32.20000      1.1235181E-07  2.4187893E-06 -5.2585704E-03
   32.30000      1.3200720E-07  2.7959218E-06 -5.7336055E-03
   32.40000      1.5497571E-07  3.2292430E-06 -6.2849629E-03
   32.50000      1.8179109E-07  3.7266532E-06 -6.8051000E-03
   32.60000      2.1307332E-07  4.2971960E-06 -7.4044340E-03
   32.70000      2.4953380E-07  4.9510172E-06 -7.9692425E-03
   32.80000      2.9199455E-07  5.6996673E-06 -8.6156540E-03
   32.90000      3.4140319E-07  6.5561985E-06 -9.2244316E-03
   33.00000      3.9884478E-07  7.5352505E-06 -9.9166557E-03
   33.10000      4.6557383E-07  8.6534892E-06 -1.0568473E-02
   33.20000      5.4301938E-07  9.9295194E-06 -1.1305152E-02
   33.30000      6.3283090E-07  1.1384413E-05 -1.1998755E-02
   33.40000      7.3690018E-07  1.3041891E-05 -1.2778187E-02
   33.50000      8.5737798E-07  1.4928407E-05 -1.3512165E-02
   33.60000      9.9674446E-07  1.7073964E-05 -1.4332448E-02
   33.70000      1.1578119E-06  1.9511859E-05 -1.5105160E-02
   33.80000      1.3438116E-06  2.2279630E-05 -1.5964201E-02
   33.90000      1.5584252E-06  2.5419396E-05 -1.6773831E-02
   34.00000      1.8058317E-06  2.8977835E-05 -1.7669352E-02
   34.10000      2.0908178E-06  3.3007611E-05 -1.8513866E-02
   34.20000      2.4187893E-06  3.7566933E-05 -1.9443398E-02
   34.30000      2.7959218E-06  4.2721138E-05 -2.0320581E-02
   34.40000      3.2292430E-06  4.8543086E-05 -2.1281635E-02
   34.50000      3.7266532E-06  5.5113174E-05 -2.2189232E-02
   34.60000      4.2971960E-06  6.2521722E-05 -2.3179002E-02
   34.70000      4.9510172E-06  7.0867885E-05 -2.4114570E-02
   34.80000      5.6996673E-06  8.0262791E-05 -2.5130335E-02
   34.90000      6.5561985E-06  9.0829359E-05 -2.6091313E-02
   35.00000      7.5352505E-06  1.0270262E-04 -2.7130226E-02
   35.10000      8.6534892E-06  1.1603378E-04 -2.8113881E-02
   35.20000      9.9295194E-06  1.3098774E-04 -2.9172979E-02
   35.30000      1.1384413E-05  1.4774827E-04 -3.0176679E-02
   35.40000      1.3041891E-05  1.6651819E-04 -3.1252909E-02
   35.50000      1.4928407E-05  1.8751858E-04 -3.2273892E-02
   35.60000      1.7073964E-05  2.1099615E-04 -3.3364266E-02
   35.70000      1.9511859E-05  2.3721845E-04 -3.4399547E-02
   35.80000      2.2279630E-05  2.6648180E-04 -3.5500932E-02
   35.90000      2.5419396E-05  2.9911223E-04 -3.6547478E-02
   36.00000      2.8977835E-05  3.3546262E-04 -3.7656698E-02
   36.10000      3.3007611E-05  3.7592559E-04 -3.8711563E-02
   36.20000      3.7566933E-05  4.2092334E-04 -3.9825343E-02
   36.30000      4.2721138E-05  4.7092265E-04 -4.0885326E-02
   36.40000      4.8543086E-05  5.2643323E-04 -4.2000316E-02
   36.50000      5.5113174E-05  5.8800477E-04 -4.3062083E-02
   36.60000      6.2521722E-05  6.5624487E-04 -4.4174783E-02
   36.70000      7.0867885E-05  7.3180295E-04 -4.5234889E-02
   36.80000      8.0262791E-05  8.1539544E-04 -4.6341598E-02
   36.90000      9.0829359E-05  9.0779859E-04 -4.7396414E-02
   37.00000      1.0270262E-04  1.0098441E-03 -4.8493367E-02
   37.10000      1.1603378E-04  1.1224488E-03 -4.9538758E-02
   37.20000      1.3098774E-04  1.2465869E-03 -5.0621789E-02
   37.30000      1.4774827E-04  1.3833236E-03 -5.1653709E-02
   37.40000      1.6651819E-04  1.5338128E-03 -5.2718323E-02
   37.50000      1.8751858E-04  1.6992792E-03 -5.3732011E-02
   37.60000      2.1099615E-04  1.8810671E-03 -5.4773409E-02
   37.70000      2.3721845E-04  2.0805963E-03 -5.5763934E-02
   37.80000      2.6648180E-04  2.2994108E-03 -5.6776691E-02
   37.90000      2.9911223E-04  2.5391742E-03 -5.7738349E-02
   38.00000      3.3546262E-04  2.8016381E-03 -5.8716726E-02
   38.10000      3.7592559E-04  3.0887236E-03 -5.9643395E-02
   38.20000      4.2092334E-04  3.4024341E-03 -6.0580850E-02
   38.30000      4.7092265E-04  3.7449484E-03 -6.1465591E-02
   38.40000      5.2643323E-04  4.1185948E-03 -6.2354881E-02
   38.50000      5.8800477E-04  4.5258077E-03 -6.3190013E-02
   38.60000      6.5624487E-04  4.9692439E-03 -6.4023092E-02
   38.70000      7.3180295E-04  5.4516559E-03 -6.4800136E-02
   38.80000      8.1539544E-04  5.9760185E-03 -6.5568186E-02
   38.90000      9.0779859E-04  6.5454943E-03 -6.6277646E-02
   39.00000      1.0098441E-03  7.1633644E-03 -6.6970602E-02
   39.10000      1.1224488E-03  7.8331875E-03 -6.7602016E-02
   39.20000      1.2465869E-03  8.5586263E-03 -6.8209000E-02
   39.30000      1.3833236E-03  9.3436167E-03 -6.8750761E-02
   39.40000      1.5338128E-03  1.0192317E-02 -6.9259681E-02
   39.50000      1.6992792E-03  1.1108996E-02 -6.9699146E-02
   39.60000      1.8810671E-03  1.2098280E-02 -7.0096903E-02
   39.70000      2.0805963E-03  1.3164874E-02 -7.0420064E-02
   39.80000      2.2994108E-03  1.4313802E-02 -7.0692323E-02
   39.90000      2.5391742E-03  1.5550345E-02 -7.0884265E-02
   40.00000      2.8016381E-03  1.6879885E-02 -7.1015410E-02
   40.10000      3.0887236E-03  1.8308200E-02 -7.1059972E-02
   40.20000      3.4024341E-03  1.9841108E-02 -7.1033515E-02
   40.30000      3.7449484E-03  2.1484820E-02 -7.0913337E-02
   40.40000      4.1185948E-03  2.3245785E-02 -7.0711583E-02
   40.50000      4.5258077E-03  2.5130492E-02 -7.0408776E-02
   40.60000      4.9692439E-03  2.7145913E-02 -7.0013203E-02
   40.70000      5.4516559E-03  2.9298957E-02 -6.9508523E-02
   40.80000      5.9760185E-03  3.1596955E-02 -6.8899937E-02
   40.90000      6.5454943E-03  3.4047492E-02 -6.8173870E-02
   41.00000      7.1633644E-03  3.6658045E-02 -6.7332499E-02
   41.10000      7.8331875E-03  3.9436650E-02 -6.6365056E-02
   41.20000      8.5586263E-03  4.2391151E-02 -6.5270953E-02
   41.30000      9.3436167E-03  4.5529805E-02 -6.4042218E-02
   41.40000      1.0192317E-02  4.8861060E-02 -6.2675513E-02
   41.50000      1.1108996E-02  5.2393142E-02 -6.1165642E-02
   41.60000      1.2098280E-02  5.6134861E-02 -5.9507001E-02
   41.70000      1.3164874E-02  6.0094561E-02 -5.7696946E-02
   41.80000      1.4313802E-02  6.4281054E-02 -5.5728108E-02
   41.90000      1.5550345E-02  6.8703279E-02 -5.3600166E-02
   42.00000      1.6879885E-02  7.3369652E-02 -5.1304188E-02
   42.10000      1.8308200E-02  7.8289218E-02 -4.8841961E-02
   42.20000      1.9841108E-02  8.3470277E-02 -4.6203770E-02
   42.30000      2.1484820E-02  8.8921577E-02 -4.3393761E-02
   42.40000      2.3245785E-02  9.4651848E-02 -4.0400781E-02
   42.50000      2.5130492E-02  0.1006689     -3.7231866E-02
   42.60000      2.7145913E-02  0.1069814     -3.3874780E-02
   42.70000      2.9298957E-02  0.1135966     -3.0339427E-02
   42.80000      3.1596955E-02  0.1205225     -2.6613114E-02
   42.90000      3.4047492E-02  0.1277666     -2.2707421E-02
   43.00000      3.6658045E-02  0.1353353     -1.8610470E-02
   43.10000      3.9436650E-02  0.1432357     -1.4335916E-02
   43.20000      4.2391151E-02  0.1514732     -9.8719271E-03
   43.30000      4.5529805E-02  0.1600538     -5.2349879E-03
   43.40000      4.8861060E-02  0.1689828     -4.1300646E-04
   43.50000      5.2393142E-02  0.1782640      4.5743138E-03
   43.60000      5.6134861E-02  0.1879019      9.7386185E-03
   43.70000      6.0094561E-02  0.1978988      1.5058025E-02
   43.80000      6.4281054E-02  0.2082575      2.0542720E-02
   43.90000      6.8703279E-02  0.2189800      2.6169546E-02
   44.00000      7.3369652E-02  0.2300663      3.1946406E-02
   44.10000      7.8289218E-02  0.2415170      3.7848264E-02
   44.20000      8.3470277E-02  0.2533304      4.3881901E-02
   44.30000      8.8921577E-02  0.2655047      5.0019506E-02
   44.40000      9.4651848E-02  0.2780375      5.6267448E-02
   44.50000      0.1006689      0.2909238      6.2594950E-02
   44.60000      0.1069814      0.3041595      6.9007173E-02
   44.70000      0.1135966      0.3177373      7.5471386E-02
   44.80000      0.1205225      0.3316504      8.1990816E-02
   44.90000      0.1277666      0.3458909      8.8532411E-02
   45.00000      0.1353353      0.3604478      9.5096424E-02
   45.10000      0.1432357      0.3753115      0.1016487    
   45.20000      0.1514732      0.3904685      0.1081880    
   45.30000      0.1600538      0.4059063      0.1146788    
   45.40000      0.1689828      0.4216107      0.1211196    
   45.50000      0.1782640      0.4375648      0.1274727    
   45.60000      0.1879019      0.4537526      0.1337358    
   45.70000      0.1978988      0.4701547      0.1398707    
   45.80000      0.2082575      0.4867522      0.1458735    
   45.90000      0.2189800      0.5035250      0.1517074    
   46.00000      0.2300663      0.5204501      0.1573664    
   46.10000      0.2415170      0.5375059      0.1628139    
   46.20000      0.2533304      0.5546669      0.1680444    
   46.30000      0.2655047      0.5719087      0.1730208    
   46.40000      0.2780375      0.5892062      0.1777385    
   46.50000      0.2909238      0.6065307      0.1821611    
   46.60000      0.3041595      0.6238557      0.1862840    
   46.70000      0.3177373      0.6411515      0.1900729    
   46.80000      0.3316504      0.6583890      0.1935226    
   46.90000      0.3458909      0.6755390      0.1966021    
   47.00000      0.3604478      0.6925693      0.1993068    
   47.10000      0.3753115      0.7094503      0.2016079    
   47.20000      0.3904685      0.7261491      0.2035024    
   47.30000      0.4059063      0.7426347      0.2049635    
   47.40000      0.4216107      0.7588751      0.2059909    
   47.50000      0.4375648      0.7748374      0.2065608    
   47.60000      0.4537526      0.7904906      0.2066744    
   47.70000      0.4701547      0.8058012      0.2063122    
   47.80000      0.4867522      0.8207382      0.2054768    
   47.90000      0.5035250      0.8352705      0.2041535    
   48.00000      0.5204501      0.8493658      0.2023469    
   48.10000      0.5375059      0.8629948      0.2000464    
   48.20000      0.5546669      0.8761265      0.1972596    
   48.30000      0.5719087      0.8887323      0.1939799    
   48.40000      0.5892062      0.9007842      0.1902176    
   48.50000      0.6065307      0.9122541      0.1859712    
   48.60000      0.6238557      0.9231166      0.1812530    
   48.70000      0.6411515      0.9333459      0.1760669    
   48.80000      0.6583890      0.9429183      0.1704272    
   48.90000      0.6755390      0.9518121      0.1643425    
   49.00000      0.6925693      0.9600055      0.1578303    
   49.10000      0.7094503      0.9674795      0.1509029    
   49.20000      0.7261491      0.9742159      0.1435810    
   49.30000      0.7426347      0.9801987      0.1358806    
   49.40000      0.7588751      0.9854136      0.1278240    
   49.50000      0.7748374      0.9898478      0.1194328    
   49.60000      0.7904906      0.9934908      0.1107297    
   49.70000      0.8058012      0.9963333      0.1017413    
   49.80000      0.8207382      0.9983686      9.2490733E-02
   49.90000      0.8352705      0.9995919      8.3007574E-02
   50.00000      0.8493658       1.000000      7.3317826E-02
   50.10000      0.8629948      0.9995919      6.3452050E-02
   50.20000      0.8761265      0.9983686      5.3437717E-02
   50.30000      0.8887323      0.9963333      4.3308076E-02
   50.40000      0.9007842      0.9934906      3.3088952E-02
   50.50000      0.9122541      0.9898478      2.2817627E-02
   50.60000      0.9231166      0.9854134      1.2518039E-02
   50.70000      0.9333459      0.9801987      2.2293665E-03
   50.80000      0.9429183      0.9742159     -8.0251098E-03
   50.90000      0.9518121      0.9674792     -1.8207315E-02
   51.00000      0.9600055      0.9600055     -2.8293662E-02
   51.10000      0.9674795      0.9518118     -3.8246259E-02
   51.20000      0.9742159      0.9429183     -4.8043609E-02
   51.30000      0.9801987      0.9333459     -5.7648011E-02
   51.40000      0.9854136      0.9231161     -6.7042030E-02
   51.50000      0.9898478      0.9122541     -7.6186873E-02
   51.60000      0.9934908      0.9007837     -8.5069135E-02
   51.70000      0.9963333      0.8887323     -9.3650922E-02
   51.80000      0.9983686      0.8761265     -0.1019219    
   51.90000      0.9995919      0.8629944     -0.1098475    
   52.00000       1.000000      0.8493658     -0.1174194    
   52.10000      0.9995919      0.8352699     -0.1246057    
   52.20000      0.9983686      0.8207382     -0.1314023    
   52.30000      0.9963333      0.8058012     -0.1377792    
   52.40000      0.9934906      0.7904900     -0.1437373    
   52.50000      0.9898478      0.7748374     -0.1492486    
   52.60000      0.9854134      0.7588745     -0.1543183    
   52.70000      0.9801987      0.7426347     -0.1589211    
   52.80000      0.9742159      0.7261491     -0.1630669    
   52.90000      0.9674792      0.7094497     -0.1667333    
   53.00000      0.9600055      0.6925693     -0.1699342    
   53.10000      0.9518118      0.6755382     -0.1726504    
   53.20000      0.9429183      0.6583890     -0.1748993    
   53.30000      0.9333459      0.6411515     -0.1766647    
   53.40000      0.9231161      0.6238551     -0.1779690    
   53.50000      0.9122541      0.6065307     -0.1787975    
   53.60000      0.9007837      0.5892054     -0.1791764    
   53.70000      0.8887323      0.5719087     -0.1790946    
   53.80000      0.8761265      0.5546669     -0.1785806    
   53.90000      0.8629944      0.5375052     -0.1776259    
   54.00000      0.8493658      0.5204501     -0.1762622    
   54.10000      0.8352699      0.5035244     -0.1744832    
   54.20000      0.8207382      0.4867522     -0.1723232    
   54.30000      0.8058012      0.4701547     -0.1697768    
   54.40000      0.7904900      0.4537520     -0.1668816    
   54.50000      0.7748374      0.4375648     -0.1636334    
   54.60000      0.7588745      0.4216101     -0.1600711    
   54.70000      0.7426347      0.4059063     -0.1561923    
   54.80000      0.7261491      0.3904685     -0.1520366    
   54.90000      0.7094497      0.3753109     -0.1476027    
   55.00000      0.6925693      0.3604478     -0.1429312    
   55.10000      0.6755382      0.3458903     -0.1380208    
   55.20000      0.6583890      0.3316504     -0.1329135    
   55.30000      0.6411515      0.3177373     -0.1276073    
   55.40000      0.6238551      0.3041590     -0.1221434    
   55.50000      0.6065307      0.2909238     -0.1165218    
   55.60000      0.5892054      0.2780370     -0.1107817    
   55.70000      0.5719087      0.2655047     -0.1049237    
   55.80000      0.5546669      0.2533304     -9.8985784E-02
   55.90000      0.5375052      0.2415166     -9.2967354E-02
   56.00000      0.5204501      0.2300663     -8.6906508E-02
   56.10000      0.5035244      0.2189796     -8.0801092E-02
   56.20000      0.4867522      0.2082575     -7.4688315E-02
   56.30000      0.4701547      0.1978988     -6.8565302E-02
   56.40000      0.4537520      0.1879015     -6.2465817E-02
   56.50000      0.4375648      0.1782640     -5.6388691E-02
   56.60000      0.4216101      0.1689824     -5.0364070E-02
   56.70000      0.4059063      0.1600538     -4.4390745E-02
   56.80000      0.3904685      0.1514732     -3.8496148E-02
   56.90000      0.3753109      0.1432354     -3.2677904E-02
   57.00000      0.3604478      0.1353353     -2.6961781E-02
   57.10000      0.3458903      0.1277663     -2.1344744E-02
   57.20000      0.3316504      0.1205225     -1.5849369E-02
   57.30000      0.3177373      0.1135966     -1.0472713E-02
   57.40000      0.3041590      0.1069811     -5.2336254E-03
   57.50000      0.2909238      0.1006689     -1.3015266E-04
   57.60000      0.2780370      9.4651602E-02  4.8228377E-03
   57.70000      0.2655047      8.8921577E-02  9.6267341E-03
   57.80000      0.2533304      8.3470277E-02  1.4269906E-02
   57.90000      0.2415166      7.8289032E-02  1.8754039E-02
   58.00000      0.2300663      7.3369652E-02  2.3070065E-02
   58.10000      0.2189796      6.8703115E-02  2.7219221E-02
   58.20000      0.2082575      6.4281054E-02  3.1195909E-02
   58.30000      0.1978988      6.0094561E-02  3.5000175E-02
   58.40000      0.1879015      5.6134701E-02  3.8630418E-02
   58.50000      0.1782640      5.2393142E-02  4.2085059E-02
   58.60000      0.1689824      4.8860945E-02  4.5366362E-02
   58.70000      0.1600538      4.5529805E-02  4.8470773E-02
   58.80000      0.1514732      4.2391151E-02  5.1404268E-02
   58.90000      0.1432354      3.9436549E-02  5.4162014E-02
   59.00000      0.1353353      3.6658045E-02  5.6752905E-02
   59.10000      0.1277663      3.4047395E-02  5.9169903E-02
   59.20000      0.1205225      3.1596955E-02  6.1426207E-02
   59.30000      0.1135966      2.9298957E-02  6.3512035E-02
   59.40000      0.1069811      2.7145831E-02  6.5444589E-02
   59.50000      0.1006689      2.5130492E-02  6.7210644E-02
   59.60000      9.4651602E-02  2.3245718E-02  6.8832092E-02
   59.70000      8.8921577E-02  2.1484820E-02  7.0292041E-02
   59.80000      8.3470277E-02  1.9841108E-02  7.1616575E-02
   59.90000      7.8289032E-02  1.8308138E-02  7.2785541E-02
   60.00000      7.3369652E-02  1.6879885E-02  7.3828980E-02
   60.10000      6.8703115E-02  1.5550301E-02  7.4722998E-02
   60.20000      6.4281054E-02  1.4313802E-02  7.5501762E-02
   60.30000      6.0094561E-02  1.3164874E-02  7.6137587E-02
   60.40000      5.6134701E-02  1.2098240E-02  7.6669127E-02
   60.50000      5.2393142E-02  1.1108996E-02  7.7064142E-02
   60.60000      4.8860945E-02  1.0192283E-02  7.7365682E-02
   60.70000      4.5529805E-02  9.3436167E-03  7.7537306E-02
   60.80000      4.2391151E-02  8.5586263E-03  7.7626623E-02
   60.90000      3.9436549E-02  7.8331614E-03  7.7592351E-02
   61.00000      3.6658045E-02  7.1633644E-03  7.7486850E-02
   61.10000      3.4047395E-02  6.5454729E-03  7.7263869E-02
   61.20000      3.1596955E-02  5.9760185E-03  7.6980740E-02
   61.30000      2.9298957E-02  5.4516559E-03  7.6585792E-02
   61.40000      2.7145831E-02  4.9692271E-03  7.6141797E-02
   61.50000      2.5130492E-02  4.5258077E-03  7.5591400E-02
   61.60000      2.3245718E-02  4.1185794E-03  7.5002506E-02
   61.70000      2.1484820E-02  3.7449484E-03  7.4312329E-02
   61.80000      1.9841108E-02  3.4024341E-03  7.3594078E-02
   61.90000      1.8308138E-02  3.0887120E-03  7.2779469E-02
   62.00000      1.6879885E-02  2.8016381E-03  7.1946613E-02
   62.10000      1.5550301E-02  2.5391646E-03  7.1021862E-02
   62.20000      1.4313802E-02  2.2994108E-03  7.0088632E-02
   62.30000      1.3164874E-02  2.0805963E-03  6.9067225E-02
   62.40000      1.2098240E-02  1.8810600E-03  6.8046667E-02
   62.50000      1.1108996E-02  1.6992792E-03  6.6941760E-02
   62.60000      1.0192283E-02  1.5338077E-03  6.5846562E-02
   62.70000      9.3436167E-03  1.3833236E-03  6.4670123E-02
   62.80000      8.5586263E-03  1.2465869E-03  6.3511916E-02
   62.90000      7.8331614E-03  1.1224445E-03  6.2275346E-02
   63.00000      7.1633644E-03  1.0098441E-03  6.1065212E-02
   63.10000      6.5454729E-03  9.0779475E-04  5.9779067E-02
   63.20000      5.9760185E-03  8.1539544E-04  5.8527093E-02
   63.30000      5.4516559E-03  7.3180295E-04  5.7201486E-02
   63.40000      4.9692271E-03  6.5624167E-04  5.5917233E-02
   63.50000      4.5258077E-03  5.8800477E-04  5.4561321E-02
   63.60000      4.1185794E-03  5.2643096E-04  5.3253632E-02
   63.70000      3.7449484E-03  4.7092265E-04  5.1876049E-02
   63.80000      3.4024341E-03  4.2092334E-04  5.0553136E-02
   63.90000      3.0887120E-03  3.7592396E-04  4.9161907E-02
   64.00000      2.8016381E-03  3.3546262E-04  4.7831342E-02
   64.10000      2.5391742E-03  2.9911223E-04  4.6433873E-02
   64.20000      2.2994007E-03  2.6648052E-04  4.5102686E-02
   64.30000      2.0805884E-03  2.3721732E-04  4.3705974E-02
   64.40000      1.8810600E-03  2.1099513E-04  4.2380698E-02
   64.50000      1.6992792E-03  1.8751858E-04  4.0991224E-02
   64.60000      1.5338128E-03  1.6651819E-04  3.9677855E-02
   64.70000      1.3833183E-03  1.4774757E-04  3.8301557E-02
   64.80000      1.2465821E-03  1.3098711E-04  3.7005667E-02
   64.90000      1.1224445E-03  1.1603321E-04  3.5648208E-02
   65.00000      1.0098441E-03  1.0270262E-04  3.4375057E-02
   65.10000      9.0779859E-04  9.0829359E-05  3.3041704E-02
   65.20000      8.1539195E-04  8.0262333E-05  3.1796034E-02
   65.30000      7.3180010E-04  7.0867616E-05  3.0491648E-02
   65.40000      6.5624167E-04  6.2521365E-05  2.9277813E-02
   65.50000      5.8800477E-04  5.5113174E-05  2.8006995E-02
   65.60000      5.2643323E-04  4.8543086E-05  2.6829110E-02
   65.70000      4.7092044E-04  4.2720934E-05  2.5596039E-02
   65.80000      4.2092148E-04  3.7566751E-05  2.4457866E-02
   65.90000      3.7592396E-04  3.3007454E-05  2.3266513E-02
   66.00000      3.3546262E-04  2.8977835E-05  2.2171484E-02
   66.10000      2.9911223E-04  2.5419396E-05  2.1025479E-02
   66.20000      2.6648052E-04  2.2279524E-05  1.9976715E-02
   66.30000      2.3721732E-04  1.9511748E-05  1.8879393E-02
   66.40000      2.1099513E-04  1.7073868E-05  1.7879674E-02
   66.50000      1.8751858E-04  1.4928407E-05  1.6834041E-02
   66.60000      1.6651819E-04  1.3041891E-05  1.5885895E-02
   66.70000      1.4774757E-04  1.1384336E-05  1.4894692E-02
   66.80000      1.3098711E-04  9.9294612E-06  1.4000312E-02
   66.90000      1.1603321E-04  8.6534474E-06  1.3065899E-02
   67.00000      1.0270262E-04  7.5352505E-06  1.2227049E-02
   67.10000      9.0829359E-05  6.5561985E-06  1.1351541E-02
   67.20000      8.0262333E-05  5.6996400E-06  1.0569755E-02
   67.30000      7.0867616E-05  4.9509936E-06  9.7548543E-03
   67.40000      6.2521365E-05  4.2971756E-06  9.0313666E-03
   67.50000      5.5113174E-05  3.7266532E-06  8.2785152E-03
   67.60000      4.8543086E-05  3.2292430E-06  7.6141842E-03
   67.70000      4.2720934E-05  2.7959084E-06  6.9243694E-03
   67.80000      3.7566751E-05  2.4187757E-06  6.3196616E-03
   67.90000      3.3007454E-05  2.0908037E-06  5.6936527E-03
   68.00000      2.8977835E-05  1.8058317E-06  5.1487894E-03
   68.10000      2.5419396E-05  1.5584252E-06  4.5868582E-03
   68.20000      2.2279524E-05  1.3438026E-06  4.1016610E-03
   68.30000      1.9511748E-05  1.1578063E-06  3.6038361E-03
   68.40000      1.7073868E-05  9.9673787E-07  3.1778610E-03
   68.50000      1.4928407E-05  8.5737798E-07  2.7438295E-03
   68.60000      1.3041891E-05  7.3690018E-07  2.3763205E-03
   68.70000      1.1384336E-05  6.3282727E-07  2.0054406E-03
   68.80000      9.9294612E-06  5.4301574E-07  1.6953057E-03
   68.90000      8.6534474E-06  4.6557071E-07  1.3866404E-03
   69.00000      7.5352505E-06  3.9884478E-07  1.1327105E-03
   69.10000      6.5561985E-06  3.4140319E-07  8.8506204E-04
   69.20000      5.6996400E-06  2.9199259E-07  6.8592932E-04
   69.30000      4.9509936E-06  2.4953212E-07  4.9797952E-04
   69.40000      4.2971756E-06  2.1307231E-07  3.5215600E-04
   69.50000      3.7266532E-06  1.8179109E-07  2.2252677E-04
   69.60000      3.2292430E-06  1.5497571E-07  1.2891988E-04
   69.70000      2.7959084E-06  1.3200645E-07  5.6535708E-05
   69.80000      2.4187757E-06  1.1235095E-07  1.4924327E-05
   69.90000      2.0908037E-06  9.5544351E-08  0.0000000E+00
   70.00000      1.8058317E-06  8.1185398E-08  0.0000000E+00
