   30.00000      2.6331046E-09  8.1185398E-08  0.0000000E+00
   30.10000      3.1498275E-09  9.5544721E-08  4.0111413E-06
   30.20000      3.7648844E-09  1.1235181E-07  1.6374142E-05
   30.30000      4.4963611E-09  1.3200759E-07  3.7575250E-05
   30.40000      5.3655533E-09  1.5497541E-07  6.8089343E-05
   30.50000      6.3975816E-09  1.8179109E-07  1.0837292E-04
   30.60000      7.6218747E-09  2.1307292E-07  1.5888238E-04
   30.70000      9.0730472E-09  2.4953380E-07  2.2004674E-04
   30.80000      1.0791724E-08  2.9199512E-07  2.9227854E-04
   30.90000      1.2825418E-08  3.4140191E-07  3.7598182E-04
   31.00000      1.5229979E-08  3.9884478E-07  4.7153633E-04
   31.10000      1.8070601E-08  4.6557204E-07  5.7931931E-04
   31.20000      2.1423585E-08  5.4301938E-07  6.9966388E-04
   31.30000      2.5377938E-08  6.3283267E-07  8.3290221E-04
   31.40000      3.0037597E-08  7.3689739E-07  9.7932410E-04
   31.50000      3.5523872E-08  8.5737798E-07  1.1392224E-03
   31.60000      4.1977998E-08  9.9674071E-07  1.3128356E-03
   31.70000      4.9564164E-08  1.1578119E-06  1.5004397E-03
   31.80000      5.8473528E-08  1.3438141E-06  1.7022198E-03
   31.90000      6.8927960E-08  1.5584222E-06  1.9183790E-03
   32.00000      8.1185398E-08  1.8058317E-06  2.1490771E-03
   32.10000      9.5544898E-08  2.0908178E-06  2.3944553E-03
   32.20000      1.1235181E-07  2.4187893E-06  2.6546412E-03
   32.30000      1.3200720E-07  2.7959218E-06  2.9297341E-03
   32.40000      1.5497571E-07  3.2292430E-06  3.2198001E-03
   32.50000      1.8179109E-07  3.7266532E-06  3.5248799E-03
   32.60000      2.1307332E-07  4.2971960E-06  3.8450228E-03
   32.70000      2.4953380E-07  4.9510172E-06  4.1802116E-03
   32.80000      2.9199455E-07  5.6996673E-06  4.5304364E-03
   32.90000      3.4140319E-07  6.5561985E-06  4.8956508E-03
   33.00000      3.9884478E-07  7.5352505E-06  5.2757757E-03
   33.10000      4.6557383E-07  8.6534892E-06  5.6707743E-03
   33.20000      5.4301938E-07  9.9295194E-06  6.0805096E-03
   33.30000      6.3283090E-07  1.1384413E-05  6.5048654E-03
   33.40000      7.3690018E-07  1.3041891E-05  6.9437274E-03
   33.50000      8.5737798E-07  1.4928407E-05  7.3969141E-03
   33.60000      9.9674446E-07  1.7073964E-05  7.8642825E-03
   33.70000      1.1578119E-06  1.9511859E-05  8.3456235E-03
   33.80000      1.3438116E-06  2.2279630E-05  8.8407816E-03
   33.90000      1.5584252E-06  2.5419396E-05  9.3495278E-03
   34.00000      1.8058317E-06  2.8977835E-05  9.8716570E-03
   34.10000      2.0908178E-06  3.3007611E-05  1.0406955E-02
   34.20000      2.4187893E-06  3.7566933E-05  1.0955187E-02
   34.30000      2.7959218E-06  4.2721138E-05  1.1516141E-02
   34.40000      3.2292430E-06  4.8543086E-05  1.2089584E-02
   34.50000      3.7266532E-06  5.5113174E-05  1.2675282E-02
   34.60000      4.2971960E-06  6.2521722E-05  1.3273040E-02
   34.70000      4.9510172E-06  7.0867885E-05  1.3882624E-02
   34.80000      5.6996673E-06  8.0262791E-05  1.4503835E-02
   34.90000      6.5561985E-06  9.0829359E-05  1.5136478E-02
   35.00000      7.5352505E-06  1.0270262E-04  1.5780395E-02
   35.10000      8.6534892E-06  1.1603378E-04  1.6435381E-02
   35.20000      9.9295194E-06  1.3098774E-04  1.7101351E-02
   35.30000      1.1384413E-05  1.4774827E-04  1.7778132E-02
   35.40000      1.3041891E-05  1.6651819E-04  1.8465677E-02
   35.50000      1.4928407E-05  1.8751858E-04  1.9163914E-02
   35.60000      1.7073964E-05  2.1099615E-04  1.9872852E-02
   35.70000      1.9511859E-05  2.3721845E-04  2.0592447E-02
   35.80000      2.2279630E-05  2.6648180E-04  2.1322820E-02
   35.90000      2.5419396E-05  2.9911223E-04  2.2064008E-02
   36.00000      2.8977835E-05  3.3546262E-04  2.2816220E-02
   36.10000      3.3007611E-05  3.7592559E-04  2.3579618E-02
   36.20000      3.7566933E-05  4.2092334E-04  2.4354495E-02
   36.30000      4.2721138E-05  4.7092265E-04  2.5141150E-02
   36.40000      4.8543086E-05  5.2643323E-04  2.5940018E-02
   36.50000      5.5113174E-05  5.8800477E-04  2.6751496E-02
   36.60000      6.2521722E-05  6.5624487E-04  2.7576173E-02
   36.70000      7.0867885E-05  7.3180295E-04  2.8414639E-02
   36.80000      8.0262791E-05  8.1539544E-04  2.9267563E-02
   36.90000      9.0829359E-05  9.0779859E-04  3.0135768E-02
   37.00000      1.0270262E-04  1.0098441E-03  3.1020090E-02
   37.10000      1.1603378E-04  1.1224488E-03  3.1921461E-02
   37.20000      1.3098774E-04  1.2465869E-03  3.2841027E-02
   37.30000      1.4774827E-04  1.3833236E-03  3.3779841E-02
   37.40000      1.6651819E-04  1.5338128E-03  3.4739248E-02
   37.50000      1.8751858E-04  1.6992792E-03  3.5720512E-02
   37.60000      2.1099615E-04  1.8810671E-03  3.6725171E-02
   37.70000      2.3721845E-04  2.0805963E-03  3.7754729E-02
   37.80000      2.6648180E-04  2.2994108E-03  3.8810924E-02
   37.90000      2.9911223E-04  2.5391742E-03  3.9895516E-02
   38.00000      3.3546262E-04  2.8016381E-03  4.1010421E-02
   38.10000      3.7592559E-04  3.0887236E-03  4.2157575E-02
   38.20000      4.2092334E-04  3.4024341E-03  4.3339144E-02
   38.30000      4.7092265E-04  3.7449484E-03  4.4557270E-02
   38.40000      5.2643323E-04  4.1185948E-03  4.5814335E-02
   38.50000      5.8800477E-04  4.5258077E-03  4.7112621E-02
   38.60000      6.5624487E-04  4.9692439E-03  4.8454724E-02
   38.70000      7.3180295E-04  5.4516559E-03  4.9843095E-02
   38.80000      8.1539544E-04  5.9760185E-03  5.1280431E-02
   38.90000      9.0779859E-04  6.5454943E-03  5.2769382E-02
   39.00000      1.0098441E-03  7.1633644E-03  5.4312702E-02
   39.10000      1.1224488E-03  7.8331875E-03  5.5913139E-02
   39.20000      1.2465869E-03  8.5586263E-03  5.7573501E-02
   39.30000      1.3833236E-03  9.3436167E-03  5.9296548E-02
   39.40000      1.5338128E-03  1.0192317E-02  6.1085179E-02
   39.50000      1.6992792E-03  1.1108996E-02  6.2942035E-02
   39.60000      1.8810671E-03  1.2098280E-02  6.4869970E-02
   39.70000      2.0805963E-03  1.3164874E-02  6.6871509E-02
   39.80000      2.2994108E-03  1.4313802E-02  6.8949282E-02
   39.90000      2.5391742E-03  1.5550345E-02  7.1105726E-02
   40.00000      2.8016381E-03  1.6879885E-02  7.3343195E-02
   40.10000      3.0887236E-03  1.8308200E-02  7.5663835E-02
   40.20000      3.4024341E-03  1.9841108E-02  7.8069560E-02
   40.30000      3.7449484E-03  2.1484820E-02  8.0562130E-02
   40.40000      4.1185948E-03  2.3245785E-02  8.3143227E-02
   40.50000      4.5258077E-03  2.5130492E-02  8.5813887E-02
   40.60000      4.9692439E-03  2.7145913E-02  8.8575251E-02
   40.70000      5.4516559E-03  2.9298957E-02  9.1427788E-02
   40.80000      5.9760185E-03  3.1596955E-02  9.4371945E-02
   40.90000      6.5454943E-03  3.4047492E-02  9.7407617E-02
   41.00000      7.1633644E-03  3.6658045E-02  0.1005343    
   41.10000      7.8331875E-03  3.9436650E-02  0.1037512    
   41.20000      8.5586263E-03  4.2391151E-02  0.1070569    
   41.30000      9.3436167E-03  4.5529805E-02  0.1104497    
   41.40000      1.0192317E-02  4.8861060E-02  0.1139273    
   41.50000      1.1108996E-02  5.2393142E-02  0.1174870    
   41.60000      1.2098280E-02  5.6134861E-02  0.1211258    
   41.70000      1.3164874E-02  6.0094561E-02  0.1248395    
   41.80000      1.4313802E-02  6.4281054E-02  0.1286243    
   41.90000      1.5550345E-02  6.8703279E-02  0.1324752    
   42.00000      1.6879885E-02  7.3369652E-02  0.1363871    
   42.10000      1.8308200E-02  7.8289218E-02  0.1403541    
   42.20000      1.9841108E-02  8.3470277E-02  0.1443700    
   42.30000      2.1484820E-02  8.8921577E-02  0.1484279    
   42.40000      2.3245785E-02  9.4651848E-02  0.1525209    
   42.50000      2.5130492E-02  0.1006689      0.1566409    
   42.60000      2.7145913E-02  0.1069814      0.1607801    
   42.70000      2.9298957E-02  0.1135966      0.1649297    
   42.80000      3.1596955E-02  0.1205225      0.1690810    
   42.90000      3.4047492E-02  0.1277666      0.1732247    
   43.00000      3.6658045E-02  0.1353353      0.1773511    
   43.10000      3.9436650E-02  0.1432357      0.1814507    
   43.20000      4.2391151E-02  0.1514732      0.1855128    
   43.30000      4.5529805E-02  0.1600538      0.1895276    
   43.40000      4.8861060E-02  0.1689828      0.1934846    
   43.50000      5.2393142E-02  0.1782640      0.1973728    
   43.60000      5.6134861E-02  0.1879019      0.2011821    
   43.70000      6.0094561E-02  0.1978988      0.2049013    
   43.80000      6.4281054E-02  0.2082575      0.2085201    
   43.90000      6.8703279E-02  0.2189800      0.2120276    
   44.00000      7.3369652E-02  0.2300663      0.2154134    
   44.10000      7.8289218E-02  0.2415170      0.2186670    
   44.20000      8.3470277E-02  0.2533304      0.2217782    
   44.30000      8.8921577E-02  0.2655047      0.2247369    
   44.40000      9.4651848E-02  0.2780375      0.2275335    
   44.50000      0.1006689      0.2909238      0.2301584    
   44.60000      0.1069814      0.3041595      0.2326025    
   44.70000      0.1135966      0.3177373      0.2348567    
   44.80000      0.1205225      0.3316504      0.2369129    
   44.90000      0.1277666      0.3458909      0.2387630    
   45.00000      0.1353353      0.3604478      0.2403993    
   45.10000      0.1432357      0.3753115      0.2418148    
   45.20000      0.1514732      0.3904685      0.2430025    
   45.30000      0.1600538      0.4059063      0.2439567    
   45.40000      0.1689828      0.4216107      0.2446713    
   45.50000      0.1782640      0.4375648      0.2451412    
   45.60000      0.1879019      0.4537526      0.2453620    
   45.70000      0.1978988      0.4701547      0.2453291    
   45.80000      0.2082575      0.4867522      0.2450391    
   45.90000      0.2189800      0.5035250      0.2444891    
   46.00000      0.2300663      0.5204501      0.2436763    
   46.10000      0.2415170      0.5375059      0.2425988    
   46.20000      0.2533304      0.5546669      0.2412549    
   46.30000      0.2655047      0.5719087      0.2396436    
   46.40000      0.2780375      0.5892062      0.2377651    
   46.50000      0.2909238      0.6065307      0.2356185    
   46.60000      0.3041595      0.6238557      0.2332047    
   46.70000      0.3177373      0.6411515      0.2305248    
   46.80000      0.3316504      0.6583890      0.2275800    
   46.90000      0.3458909      0.6755390      0.2243724    
   47.00000      0.3604478      0.6925693      0.2209042    
   47.10000      0.3753115      0.7094503      0.2171783    
   47.20000      0.3904685      0.7261491      0.2131980    
   47.30000      0.4059063      0.7426347      0.2089664    
   47.40000      0.4216107      0.7588751      0.2044877    
   47.50000      0.4375648      0.7748374      0.1997664    
   47.60000      0.4537526      0.7904906      0.1948069    
   47.70000      0.4701547      0.8058012      0.1896144    
   47.80000      0.4867522      0.8207382      0.1841940    
   47.90000      0.5035250      0.8352705      0.1785513    
   48.00000      0.5204501      0.8493658      0.1726924    
   48.10000      0.5375059      0.8629948      0.1666232    
   48.20000      0.5546669      0.8761265      0.1603502    
   48.30000      0.5719087      0.8887323      0.1538802    
   48.40000      0.5892062      0.9007842      0.1472196    
   48.50000      0.6065307      0.9122541      0.1403760    
   48.60000      0.6238557      0.9231166      0.1333565    
   48.70000      0.6411515      0.9333459      0.1261686    
   48.80000      0.6583890      0.9429183      0.1188197    
   48.90000      0.6755390      0.9518121      0.1113178    
   49.00000      0.6925693      0.9600055      0.1036710    
   49.10000      0.7094503      0.9674795      9.5886834E-02
   49.20000      0.7261491      0.9742159      8.7974206E-02
   49.30000      0.7426347      0.9801987      7.9940915E-02
   49.40000      0.7588751      0.9854136      7.1795508E-02
   49.50000      0.7748374      0.9898478      6.3546903E-02
   49.60000      0.7904906      0.9934908      5.5203065E-02
   49.70000      0.8058012      0.9963333      4.6773303E-02
   49.80000      0.8207382      0.9983686      3.8265914E-02
   49.90000      0.8352705      0.9995919      2.9690035E-02
   50.00000      0.8493658       1.000000      2.1054573E-02
   50.10000      0.8629948      0.9995919      1.2368012E-02
   50.20000      0.8761265      0.9983686      3.6401553E-03
   50.30000      0.8887323      0.9963333     -5.1205279E-03
   50.40000      0.9007842      0.9934906     -1.3905227E-02
   50.50000      0.9122541      0.9898478     -2.2704264E-02
   50.60000      0.9231166      0.9854134     -3.1509016E-02
   50.70000      0.9333459      0.9801987     -4.0309940E-02
   50.80000      0.9429183      0.9742159     -4.9098283E-02
   50.90000      0.9518121      0.9674792     -5.7865117E-02
   51.00000      0.9600055      0.9600055     -6.6600993E-02
   51.10000      0.9674795      0.9518118     -7.5297222E-02
   51.20000      0.9742159      0.9429183     -8.3944209E-02
   51.30000      0.9801987      0.9333459     -9.2533439E-02
   51.40000      0.9854136      0.9231161     -0.1010561    
   51.50000      0.9898478      0.9122541     -0.1095024    
   51.60000      0.9934908      0.9007837     -0.1178645    
   51.70000      0.9963333      0.8887323     -0.1261328    
   51.80000      0.9983686      0.8761265     -0.1342991    
   51.90000      0.9995919      0.8629944     -0.1423546    
   52.00000       1.000000      0.8493658     -0.1502907    
   52.10000      0.9995919      0.8352699     -0.1580988    
   52.20000      0.9983686      0.8207382     -0.1657704    
   52.30000      0.9963333      0.8058012     -0.1732976    
   52.40000      0.9934906      0.7904900     -0.1806723    
   52.50000      0.9898478      0.7748374     -0.1878860    
   52.60000      0.9854134      0.7588745     -0.1949313    
   52.70000      0.9801987      0.7426347     -0.2018000    
   52.80000      0.9742159      0.7261491     -0.2084851    
   52.90000      0.9674792      0.7094497     -0.2149790    
   53.00000      0.9600055      0.6925693     -0.2212742    
   53.10000      0.9518118      0.6755382     -0.2273643    
   53.20000      0.9429183      0.6583890     -0.2332422    
   53.30000      0.9333459      0.6411515     -0.2389013    
   53.40000      0.9231161      0.6238551     -0.2443356    
   53.50000      0.9122541      0.6065307     -0.2495388    
   53.60000      0.9007837      0.5892054     -0.2545055    
   53.70000      0.8887323      0.5719087     -0.2592297    
   53.80000      0.8761265      0.5546669     -0.2637066    
   53.90000      0.8629944      0.5375052     -0.2679315    
   54.00000      0.8493658      0.5204501     -0.2718996    
   54.10000      0.8352699      0.5035244     -0.2756068    
   54.20000      0.8207382      0.4867522     -0.2790493    
   54.30000      0.8058012      0.4701547     -0.2822238    
   54.40000      0.7904900      0.4537520     -0.2851274    
   54.50000      0.7748374      0.4375648     -0.2877570    
   54.60000      0.7588745      0.4216101     -0.2901112    
   54.70000      0.7426347      0.4059063     -0.2921875    
   54.80000      0.7261491      0.3904685     -0.2939849    
   54.90000      0.7094497      0.3753109     -0.2955027    
   55.00000      0.6925693      0.3604478     -0.2967404    
   55.10000      0.6755382      0.3458903     -0.2976983    
   55.20000      0.6583890      0.3316504     -0.2983769    
   55.30000      0.6411515      0.3177373     -0.2987773    
   55.40000      0.6238551      0.3041590     -0.2989012    
   55.50000      0.6065307      0.2909238     -0.2987509    
   55.60000      0.5892054      0.2780370     -0.2983288    
   55.70000      0.5719087      0.2655047     -0.2976384    
   55.80000      0.5546669      0.2533304     -0.2966835    
   55.90000      0.5375052      0.2415166     -0.2954682    
   56.00000      0.5204501      0.2300663     -0.2939973    
   56.10000      0.5035244      0.2189796     -0.2922760    
   56.20000      0.4867522      0.2082575     -0.2903103    
   56.30000      0.4701547      0.1978988     -0.2881065    
   56.40000      0.4537520      0.1879015     -0.2856713    
   56.50000      0.4375648      0.1782640     -0.2830120    
   56.60000      0.4216101      0.1689824     -0.2801365    
   56.70000      0.4059063      0.1600538     -0.2770528    
   56.80000      0.3904685      0.1514732     -0.2737695    
   56.90000      0.3753109      0.1432354     -0.2702956    
   57.00000      0.3604478      0.1353353     -0.2666405    
   57.10000      0.3458903      0.1277663     -0.2628137    
   57.20000      0.3316504      0.1205225     -0.2588256    
   57.30000      0.3177373      0.1135966     -0.2546860    
   57.40000      0.3041590      0.1069811     -0.2504055    
   57.50000      0.2909238      0.1006689     -0.2459950    
   57.60000      0.2780370      9.4651602E-02 -0.2414652    
   57.70000      0.2655047      8.8921577E-02 -0.2368274    
   57.80000      0.2533304      8.3470277E-02 -0.2320922    
   57.90000      0.2415166      7.8289032E-02 -0.2272711    
   58.00000      0.2300663      7.3369652E-02 -0.2223752    
   58.10000      0.2189796      6.8703115E-02 -0.2174156    
   58.20000      0.2082575      6.4281054E-02 -0.2124033    
   58.30000      0.1978988      6.0094561E-02 -0.2073493    
   58.40000      0.1879015      5.6134701E-02 -0.2022642    
   58.50000      0.1782640      5.2393142E-02 -0.1971588    
   58.60000      0.1689824      4.8860945E-02 -0.1920433    
   58.70000      0.1600538      4.5529805E-02 -0.1869279    
   58.80000      0.1514732      4.2391151E-02 -0.1818223    
   58.90000      0.1432354      3.9436549E-02 -0.1767358    
   59.00000      0.1353353      3.6658045E-02 -0.1716777    
   59.10000      0.1277663      3.4047395E-02 -0.1666566    
   59.20000      0.1205225      3.1596955E-02 -0.1616807    
   59.30000      0.1135966      2.9298957E-02 -0.1567578    
   59.40000      0.1069811      2.7145831E-02 -0.1518952    
   59.50000      0.1006689      2.5130492E-02 -0.1470999    
   59.60000      9.4651602E-02  2.3245718E-02 -0.1423780    
   59.70000      8.8921577E-02  2.1484820E-02 -0.1377357    
   59.80000      8.3470277E-02  1.9841108E-02 -0.1331782    
   59.90000      7.8289032E-02  1.8308138E-02 -0.1287101    
   60.00000      7.3369652E-02  1.6879885E-02 -0.1243360    
   60.10000      6.8703115E-02  1.5550301E-02 -0.1200596    
   60.20000      6.4281054E-02  1.4313802E-02 -0.1158841    
   60.30000      6.0094561E-02  1.3164874E-02 -0.1118124    
   60.40000      5.6134701E-02  1.2098240E-02 -0.1078465    
   60.50000      5.2393142E-02  1.1108996E-02 -0.1039886    
   60.60000      4.8860945E-02  1.0192283E-02 -0.1002396    
   60.70000      4.5529805E-02  9.3436167E-03 -9.6600726E-02
   60.80000      4.2391151E-02  8.5586263E-03 -9.3072236E-02
   60.90000      3.9436549E-02  7.8331614E-03 -8.9654155E-02
   61.00000      3.6658045E-02  7.1633644E-03 -8.6346216E-02
   61.10000      3.4047395E-02  6.5454729E-03 -8.3147585E-02
   61.20000      3.1596955E-02  5.9760185E-03 -8.0057383E-02
   61.30000      2.9298957E-02  5.4516559E-03 -7.7074118E-02
   61.40000      2.7145831E-02  4.9692271E-03 -7.4196085E-02
   61.50000      2.5130492E-02  4.5258077E-03 -7.1421549E-02
   61.60000      2.3245718E-02  4.1185794E-03 -6.8748131E-02
   61.70000      2.1484820E-02  3.7449484E-03 -6.6173628E-02
   61.80000      1.9841108E-02  3.4024341E-03 -6.3695446E-02
   61.90000      1.8308138E-02  3.0887120E-03 -6.1310828E-02
   62.00000      1.6879885E-02  2.8016381E-03 -5.9017032E-02
   62.10000      1.5550301E-02  2.5391646E-03 -5.6811050E-02
   62.20000      1.4313802E-02  2.2994108E-03 -5.4689892E-02
   62.30000      1.3164874E-02  2.0805963E-03 -5.2650474E-02
   62.40000      1.2098240E-02  1.8810600E-03 -5.0689578E-02
   62.50000      1.1108996E-02  1.6992792E-03 -4.8804197E-02
   62.60000      1.0192283E-02  1.5338077E-03 -4.6991069E-02
   62.70000      9.3436167E-03  1.3833236E-03 -4.5247123E-02
   62.80000      8.5586263E-03  1.2465869E-03 -4.3569215E-02
   62.90000      7.8331614E-03  1.1224445E-03 -4.1954339E-02
   63.00000      7.1633644E-03  1.0098441E-03 -4.0399469E-02
   63.10000      6.5454729E-03  9.0779475E-04 -3.8901694E-02
   63.20000      5.9760185E-03  8.1539544E-04 -3.7458196E-02
   63.30000      5.4516559E-03  7.3180295E-04 -3.6066219E-02
   63.40000      4.9692271E-03  6.5624167E-04 -3.4723110E-02
   63.50000      4.5258077E-03  5.8800477E-04 -3.3426385E-02
   63.60000      4.1185794E-03  5.2643096E-04 -3.2173570E-02
   63.70000      3.7449484E-03  4.7092265E-04 -3.0962419E-02
   63.80000      3.4024341E-03  4.2092334E-04 -2.9790701E-02
   63.90000      3.0887120E-03  3.7592396E-04 -2.8656423E-02
   64.00000      2.8016381E-03  3.3546262E-04 -2.7557623E-02
   64.10000      2.5391742E-03  2.9911223E-04 -2.6492467E-02
   64.20000      2.2994007E-03  2.6648052E-04 -2.5459288E-02
   64.30000      2.0805884E-03  2.3721732E-04 -2.4456523E-02
   64.40000      1.8810600E-03  2.1099513E-04 -2.3482742E-02
   64.50000      1.6992792E-03  1.8751858E-04 -2.2536620E-02
   64.60000      1.5338128E-03  1.6651819E-04 -2.1616895E-02
   64.70000      1.3833183E-03  1.4774757E-04 -2.0722512E-02
   64.80000      1.2465821E-03  1.3098711E-04 -1.9852422E-02
   64.90000      1.1224445E-03  1.1603321E-04 -1.9005755E-02
   65.00000      1.0098441E-03  1.0270262E-04 -1.8181693E-02
   65.10000      9.0779859E-04  9.0829359E-05 -1.7379494E-02
   65.20000      8.1539195E-04  8.0262333E-05 -1.6598532E-02
   65.30000      7.3180010E-04  7.0867616E-05 -1.5838243E-02
   65.40000      6.5624167E-04  6.2521365E-05 -1.5098102E-02
   65.50000      5.8800477E-04  5.5113174E-05 -1.4377743E-02
   65.60000      5.2643323E-04  4.8543086E-05 -1.3676763E-02
   65.70000      4.7092044E-04  4.2720934E-05 -1.2994822E-02
   65.80000      4.2092148E-04  3.7566751E-05 -1.2331718E-02
   65.90000      3.7592396E-04  3.3007454E-05 -1.1687187E-02
   66.00000      3.3546262E-04  2.8977835E-05 -1.1061055E-02
   66.10000      2.9911223E-04  2.5419396E-05 -1.0453217E-02
   66.20000      2.6648052E-04  2.2279524E-05 -9.8634949E-03
   66.30000      2.3721732E-04  1.9511748E-05 -9.2918519E-03
   66.40000      2.1099513E-04  1.7073868E-05 -8.7381704E-03
   66.50000      1.8751858E-04  1.4928407E-05 -8.2024131E-03
   66.60000      1.6651819E-04  1.3041891E-05 -7.6845475E-03
   66.70000      1.4774757E-04  1.1384336E-05 -7.1845348E-03
   66.80000      1.3098711E-04  9.9294612E-06 -6.7023518E-03
   66.90000      1.1603321E-04  8.6534474E-06 -6.2379409E-03
   67.00000      1.0270262E-04  7.5352505E-06 -5.7913018E-03
   67.10000      9.0829359E-05  6.5561985E-06 -5.3624148E-03
   67.20000      8.0262333E-05  5.6996400E-06 -4.9512116E-03
   67.30000      7.0867616E-05  4.9509936E-06 -4.5576794E-03
   67.40000      6.2521365E-05  4.2971756E-06 -4.1817566E-03
   67.50000      5.5113174E-05  3.7266532E-06 -3.8233884E-03
   67.60000      4.8543086E-05  3.2292430E-06 -3.4824831E-03
   67.70000      4.2720934E-05  2.7959084E-06 -3.1589449E-03
   67.80000      3.7566751E-05  2.4187757E-06 -2.8526669E-03
   67.90000      3.3007454E-05  2.0908037E-06 -2.5635478E-03
   68.00000      2.8977835E-05  1.8058317E-06 -2.2913993E-03
   68.10000      2.5419396E-05  1.5584252E-06 -2.0360658E-03
   68.20000      2.2279524E-05  1.3438026E-06 -1.7973729E-03
   68.30000      1.9511748E-05  1.1578063E-06 -1.5750923E-03
   68.40000      1.7073868E-05  9.9673787E-07 -1.3690202E-03
   68.50000      1.4928407E-05  8.5737798E-07 -1.1788834E-03
   68.60000      1.3041891E-05  7.3690018E-07 -1.0044303E-03
   68.70000      1.1384336E-05  6.3282727E-07 -8.4534386E-04
   68.80000      9.9294612E-06  5.4301574E-07 -7.0130144E-04
   68.90000      8.6534474E-06  4.6557071E-07 -5.7199807E-04
   69.00000      7.5352505E-06  3.9884478E-07 -4.5704754E-04
   69.10000      6.5561985E-06  3.4140319E-07 -3.5608336E-04
   69.20000      5.6996400E-06  2.9199259E-07 -2.6870219E-04
   69.30000      4.9509936E-06  2.4953212E-07 -1.9449004E-04
   69.40000      4.2971756E-06  2.1307231E-07 -1.3298573E-04
   69.50000      3.7266532E-06  1.8179109E-07 -8.3772109E-05
   69.60000      3.2292430E-06  1.5497571E-07 -4.6364719E-05
   69.70000      2.7959084E-06  1.3200645E-07 -2.0266894E-05
   69.80000      2.4187757E-06  1.1235095E-07 -4.9769833E-06
   69.90000      2.0908037E-06  9.5544351E-08  0.0000000E+00
   70.00000      1.8058317E-06  8.1185398E-08  0.0000000E+00
