   30.00000      5.2662092E-09  3.0459958E-08  0.0000000E+00
   30.10000      6.2996550E-09  3.6141202E-08 -8.0683012E-14
   30.20000      7.5297688E-09  4.2847169E-08 -7.9126235E-13
   30.30000      8.9927221E-09  5.0755876E-08 -3.3367603E-12
   30.40000      1.0731107E-08  6.0075195E-08 -9.8807360E-12
   30.50000      1.2795163E-08  7.1047744E-08 -2.4035461E-11
   30.60000      1.5243749E-08  8.3955996E-08 -5.1526779E-11
   30.70000      1.8146094E-08  9.9128329E-08 -1.0108859E-10
   30.80000      2.1583448E-08  1.1694706E-07 -1.8567387E-10
   30.90000      2.5650836E-08  1.3785592E-07 -3.2402137E-10
   31.00000      3.0459958E-08  1.6237080E-07 -5.4277233E-10
   31.10000      3.6141202E-08  1.9108944E-07 -8.7910251E-10
   31.20000      4.2847169E-08  2.2470361E-07 -1.3841003E-09
   31.30000      5.0755876E-08  2.6401517E-07 -2.1271940E-09
   31.40000      6.0075195E-08  3.0995082E-07 -3.2017311E-09
   31.50000      7.1047744E-08  3.6358219E-07 -4.7316910E-09
   31.60000      8.3955996E-08  4.2614585E-07 -6.8798842E-09
   31.70000      9.9128329E-08  4.9906760E-07 -9.8592592E-09
   31.80000      1.1694706E-07  5.8399024E-07 -1.3946320E-08
   31.90000      1.3785592E-07  6.8280383E-07 -1.9495227E-08
   32.00000      1.6237080E-07  7.9768955E-07 -2.6957849E-08
   32.10000      1.9108980E-07  9.3114767E-07 -3.6908368E-08
   32.20000      2.2470361E-07  1.0860388E-06 -5.0069225E-08
   32.30000      2.6401440E-07  1.2656618E-06 -6.7349191E-08
   32.40000      3.0995142E-07  1.4738004E-06 -8.9876664E-08
   32.50000      3.6358219E-07  1.7147560E-06 -1.1905238E-07
   32.60000      4.2614664E-07  1.9934889E-06 -1.5660356E-07
   32.70000      4.9906760E-07  2.3156238E-06 -2.0465257E-07
   32.80000      5.8398911E-07  2.6876232E-06 -2.6579974E-07
   32.90000      6.8280639E-07  3.1168504E-06 -3.4319274E-07
   33.00000      7.9768955E-07  3.6116635E-06 -4.4066113E-07
   33.10000      9.3114767E-07  4.1816356E-06 -5.6281220E-07
   33.20000      1.0860388E-06  4.8375787E-06 -7.1519025E-07
   33.30000      1.2656618E-06  5.5918435E-06 -9.0446389E-07
   33.40000      1.4738004E-06  6.4584860E-06 -1.1385308E-06
   33.50000      1.7147560E-06  7.4533064E-06 -1.4268135E-06
   33.60000      1.9934889E-06  8.5943921E-06 -1.7804526E-06
   33.70000      2.3156238E-06  9.9020344E-06 -2.2125903E-06
   33.80000      2.6876232E-06  1.1399335E-05 -2.7387930E-06
   33.90000      3.1168504E-06  1.3112397E-05 -3.3771339E-06
   34.00000      3.6116635E-06  1.5070501E-05 -4.1488497E-06
   34.10000      4.1816356E-06  1.7306978E-05 -5.0786389E-06
   34.20000      4.8375787E-06  1.9859039E-05 -6.1951841E-06
   34.30000      5.5918435E-06  2.2768825E-05 -7.5319795E-06
   34.40000      6.4584860E-06  2.6083782E-05 -9.1270658E-06
   34.50000      7.4533064E-06  2.9856814E-05 -1.1024855E-05
   34.60000      8.5943921E-06  3.4147928E-05 -1.3276102E-05
   34.70000      9.9020344E-06  3.9023718E-05 -1.5938593E-05
   34.80000      1.1399335E-05  4.4559260E-05 -1.9079422E-05
   34.90000      1.3112397E-05  5.0838793E-05 -2.2773569E-05
   35.00000      1.5070501E-05  5.7955669E-05 -2.7107137E-05
   35.10000      1.7306978E-05  6.6015222E-05 -3.2177180E-05
   35.20000      1.9859039E-05  7.5133867E-05 -3.8093134E-05
   35.30000      2.2768825E-05  8.5442276E-05 -4.4980745E-05
   35.40000      2.6083782E-05  9.7086173E-05 -5.2977473E-05
   35.50000      2.9856814E-05  1.1022635E-04 -6.2240513E-05
   35.60000      3.4147928E-05  1.2504344E-04 -7.2944189E-05
   35.70000      3.9023718E-05  1.4173577E-04 -8.5283464E-05
   35.80000      4.4559260E-05  1.6052558E-04 -9.9479948E-05
   35.90000      5.0838793E-05  1.8165872E-04 -1.1577030E-04
   36.00000      5.7955669E-05  2.0540525E-04 -1.3442598E-04
   36.10000      6.6015222E-05  2.3206756E-04 -1.5574240E-04
   36.20000      7.5133867E-05  2.6197548E-04 -1.8004558E-04
   36.30000      8.5442276E-05  2.9549655E-04 -2.0770631E-04
   36.40000      9.7086173E-05  3.3303638E-04 -2.3911144E-04
   36.50000      1.1022635E-04  3.7503717E-04 -2.7470273E-04
   36.60000      1.2504344E-04  4.2199230E-04 -3.1495659E-04
   36.70000      1.4173577E-04  4.7443691E-04 -3.6038822E-04
   36.80000      1.6052558E-04  5.3296360E-04 -4.1158689E-04
   36.90000      1.8165872E-04  5.9822446E-04 -4.6915488E-04
   37.00000      2.0540525E-04  6.7092525E-04 -5.3377479E-04
   37.10000      2.3206756E-04  7.5185118E-04 -6.0617353E-04
   37.20000      2.6197548E-04  8.4184669E-04 -6.8713335E-04
   37.30000      2.9549655E-04  9.4184530E-04 -7.7754597E-04
   37.40000      3.3303638E-04  1.0528665E-03 -8.7829831E-04
   37.50000      3.7503717E-04  1.1760095E-03 -9.9040673E-04
   37.60000      4.2199230E-04  1.3124897E-03 -1.1149213E-03
   37.70000      4.7443691E-04  1.4636059E-03 -1.2529824E-03
   37.80000      5.3296360E-04  1.6307909E-03 -1.4058866E-03
   37.90000      5.9822446E-04  1.8155972E-03 -1.5748680E-03
   38.00000      6.7092525E-04  2.0196883E-03 -1.7613743E-03
   38.10000      7.5185118E-04  2.2448977E-03 -1.9668872E-03
   38.20000      8.4184669E-04  2.4931738E-03 -2.1929620E-03
   38.30000      9.4184530E-04  2.7666471E-03 -2.4414170E-03
   38.40000      1.0528665E-03  3.0676257E-03 -2.7139252E-03
   38.50000      1.1760095E-03  3.3985584E-03 -3.0124369E-03
   38.60000      1.3124897E-03  3.7621341E-03 -3.3389581E-03
   38.70000      1.4636059E-03  4.1611926E-03 -3.6955343E-03
   38.80000      1.6307909E-03  4.5988215E-03 -4.0846076E-03
   38.90000      1.8155972E-03  5.0783483E-03 -4.5083310E-03
   39.00000      2.0196883E-03  5.6032762E-03 -4.9692905E-03
   39.10000      2.2448977E-03  6.1774473E-03 -5.4700300E-03
   39.20000      2.4931738E-03  6.8048681E-03 -6.0131568E-03
   39.30000      2.7666471E-03  7.4898968E-03 -6.6018710E-03
   39.40000      3.0676257E-03  8.2371896E-03 -7.2387811E-03
   39.50000      3.3985584E-03  9.0516154E-03 -7.9271365E-03
   39.60000      3.7621341E-03  9.9384878E-03 -8.6700926E-03
   39.70000      4.1611926E-03  1.0903312E-02 -9.4708204E-03
   39.80000      4.5988215E-03  1.1952037E-02 -1.0333323E-02
   39.90000      5.0783483E-03  1.3090989E-02 -1.1260653E-02
   40.00000      5.6032762E-03  1.4326729E-02 -1.2256678E-02
   40.10000      6.1774473E-03  1.5666375E-02 -1.3325144E-02
   40.20000      6.8048681E-03  1.7117253E-02 -1.4469748E-02
   40.30000      7.4898968E-03  1.8687233E-02 -1.5695298E-02
   40.40000      8.2371896E-03  2.0384634E-02 -1.7005043E-02
   40.50000      9.0516154E-03  2.2217993E-02 -1.8403511E-02
   40.60000      9.9384878E-03  2.4196560E-02 -1.9894972E-02
   40.70000      1.0903312E-02  2.6329748E-02 -2.1483270E-02
   40.80000      1.1952037E-02  2.8627604E-02 -2.3173919E-02
   40.90000      1.3090989E-02  3.1100690E-02 -2.4970412E-02
   41.00000      1.4326729E-02  3.3759769E-02 -2.6877578E-02
   41.10000      1.5666375E-02  3.6616400E-02 -2.8899565E-02
   41.20000      1.7117253E-02  3.9682217E-02 -3.1040527E-02
   41.30000      1.8687233E-02  4.2969640E-02 -3.3306610E-02
   41.40000      2.0384634E-02  4.6491571E-02 -3.5700414E-02
   41.50000      2.2217993E-02  5.0260983E-02 -3.8226992E-02
   41.60000      2.4196560E-02  5.4291826E-02 -4.0890414E-02
   41.70000      2.6329748E-02  5.8597915E-02 -4.3694079E-02
   41.80000      2.8627604E-02  6.3193910E-02 -4.6644498E-02
   41.90000      3.1100690E-02  6.8094984E-02 -4.9743064E-02
   42.00000      3.3759769E-02  7.3316090E-02 -5.2994128E-02
   42.10000      3.6616400E-02  7.8873299E-02 -5.6401227E-02
   42.20000      3.9682217E-02  8.4782302E-02 -5.9966404E-02
   42.30000      4.2969640E-02  9.1059610E-02 -6.3695557E-02
   42.40000      4.6491571E-02  9.7722121E-02 -6.7588374E-02
   42.50000      5.0260983E-02  0.1047863     -7.1648248E-02
   42.60000      5.4291826E-02  0.1122697     -7.5876392E-02
   42.70000      5.8597915E-02  0.1201891     -8.0272801E-02
   42.80000      6.3193910E-02  0.1285621     -8.4843211E-02
   42.90000      6.8094984E-02  0.1374066     -8.9583807E-02
   43.00000      7.3316090E-02  0.1467393     -9.4495617E-02
   43.10000      7.8873299E-02  0.1565784     -9.9577315E-02
   43.20000      8.4782302E-02  0.1669406     -0.1048262    
   43.30000      9.1059610E-02  0.1778432     -0.1102464    
   43.40000      9.7722121E-02  0.1893037     -0.1158289    
   43.50000      0.1047863      0.2013378     -0.1215722    
   43.60000      0.1122697      0.2139627     -0.1274729    
   43.70000      0.1201891      0.2271933     -0.1335227    
   43.80000      0.1285621      0.2410450     -0.1397240    
   43.90000      0.1374066      0.2555332     -0.1460619    
   44.00000      0.1467393      0.2706706     -0.1525318    
   44.10000      0.1565784      0.2864713     -0.1591257    
   44.20000      0.1669406      0.3029464     -0.1658306    
   44.30000      0.1778432      0.3201076     -0.1726463    
   44.40000      0.1893037      0.3379656     -0.1795513    
   44.50000      0.2013378      0.3565280     -0.1865375    
   44.60000      0.2139627      0.3758037     -0.1935914    
   44.70000      0.2271933      0.3957975     -0.2006957    
   44.80000      0.2410450      0.4165150     -0.2078467    
   44.90000      0.2555332      0.4379601     -0.2150159    
   45.00000      0.2706706      0.4601326     -0.2221922    
   45.10000      0.2864713      0.4830341     -0.2293573    
   45.20000      0.3029464      0.5066608     -0.2364880    
   45.30000      0.3201076      0.5310094     -0.2435782    
   45.40000      0.3379656      0.5560750     -0.2505942    
   45.50000      0.3565280      0.5818477     -0.2575207    
   45.60000      0.3758037      0.6083190     -0.2643355    
   45.70000      0.3957975      0.6354746     -0.2710117    
   45.80000      0.4165150      0.6633008     -0.2775420    
   45.90000      0.4379601      0.6917818     -0.2838866    
   46.00000      0.4601326      0.7208955     -0.2900289    
   46.10000      0.4830341      0.7506229     -0.2959440    
   46.20000      0.5066608      0.7809371     -0.3016015    
   46.30000      0.5310094      0.8118126     -0.3069959    
   46.40000      0.5560750      0.8432214     -0.3120847    
   46.50000      0.5818477      0.8751295     -0.3168495    
   46.60000      0.6083190      0.9075052     -0.3212649    
   46.70000      0.6354746      0.9403093     -0.3253025    
   46.80000      0.6633008      0.9735043     -0.3289572    
   46.90000      0.6917818       1.007050     -0.3321865    
   47.00000      0.7208955       1.040900     -0.3349749    
   47.10000      0.7506229       1.075012     -0.3373005    
   47.20000      0.7809371       1.109334     -0.3391337    
   47.30000      0.8118126       1.143817     -0.3404781    
   47.40000      0.8432214       1.178412     -0.3412937    
   47.50000      0.8751295       1.213061     -0.3415651    
   47.60000      0.9075052       1.247711     -0.3412819    
   47.70000      0.9403093       1.282303     -0.3404194    
   47.80000      0.9735043       1.316778     -0.3389822    
   47.90000       1.007050       1.351078     -0.3369398    
   48.00000       1.040900       1.385139     -0.3342882    
   48.10000       1.075012       1.418901     -0.3310201    
   48.20000       1.109334       1.452298     -0.3271216    
   48.30000       1.143817       1.485269     -0.3226032    
   48.40000       1.178412       1.517750     -0.3174450    
   48.50000       1.213061       1.549675     -0.3116557    
   48.60000       1.247711       1.580981     -0.3052319    
   48.70000       1.282303       1.611602     -0.2981723    
   48.80000       1.316778       1.641476     -0.2904999    
   48.90000       1.351078       1.670541     -0.2822023    
   49.00000       1.385139       1.698732     -0.2732989    
   49.10000       1.418901       1.725990     -0.2637997    
   49.20000       1.452298       1.752253     -0.2537118    
   49.30000       1.485269       1.777465     -0.2430681    
   49.40000       1.517750       1.801568     -0.2318714    
   49.50000       1.549675       1.824508     -0.2201466    
   49.60000       1.580981       1.846233     -0.2079164    
   49.70000       1.611602       1.866692     -0.1951991    
   49.80000       1.641476       1.885837     -0.1820347    
   49.90000       1.670541       1.903624     -0.1684402    
   50.00000       1.698732       1.920011     -0.1544444    
   50.10000       1.725990       1.934959     -0.1400820    
   50.20000       1.752253       1.948432     -0.1253823    
   50.30000       1.777465       1.960397     -0.1103841    
   50.40000       1.801568       1.970827     -9.5118575E-02
   50.50000       1.824508       1.979696     -7.9622127E-02
   50.60000       1.846233       1.986982     -6.3931793E-02
   50.70000       1.866692       1.992667     -4.8084568E-02
   50.80000       1.885837       1.996737     -3.2122187E-02
   50.90000       1.903624       1.999184     -1.6081659E-02
   51.00000       1.920011       2.000000      0.0000000E+00
   51.10000       1.934959       1.999184      1.6081659E-02
   51.20000       1.948432       1.996737      3.2122187E-02
   51.30000       1.960397       1.992667      4.8085745E-02
   51.40000       1.970827       1.986981      6.3931793E-02
   51.50000       1.979696       1.979696      7.9622716E-02
   51.60000       1.986982       1.970827      9.5118575E-02
   51.70000       1.992667       1.960397      0.1103823    
   51.80000       1.996737       1.948432      0.1253846    
   51.90000       1.999184       1.934958      0.1400820    
   52.00000       2.000000       1.920011      0.1544450    
   52.10000       1.999184       1.903624      0.1684402    
   52.20000       1.996737       1.885837      0.1820324    
   52.30000       1.992667       1.866692      0.1952044    
   52.40000       1.986981       1.846232      0.2079164    
   52.50000       1.979696       1.824508      0.2201477    
   52.60000       1.970827       1.801567      0.2318726    
   52.70000       1.960397       1.777465      0.2430639    
   52.80000       1.948432       1.752253      0.2537176    
   52.90000       1.934958       1.725989      0.2638014    
   53.00000       1.920011       1.698732      0.2733017    
   53.10000       1.903624       1.670540      0.2822050    
   53.20000       1.885837       1.641476      0.2904990    
   53.30000       1.866692       1.611602      0.2981830    
   53.40000       1.846232       1.580980      0.3052377    
   53.50000       1.824508       1.549675      0.3116637    
   53.60000       1.801567       1.517749      0.3174551    
   53.70000       1.777465       1.485269      0.3226095    
   53.80000       1.752253       1.452298      0.3271415    
   53.90000       1.725989       1.418899      0.3310371    
   54.00000       1.698732       1.385139      0.3343098    
   54.10000       1.670540       1.351076      0.3369641    
   54.20000       1.641476       1.316778      0.3390037    
   54.30000       1.611602       1.282303      0.3404590    
   54.40000       1.580980       1.247710      0.3413206    
   54.50000       1.549675       1.213061      0.3416108    
   54.60000       1.517749       1.178411      0.3413447    
   54.70000       1.485269       1.143817      0.3405289    
   54.80000       1.452298       1.109334      0.3392056    
   54.90000       1.418899       1.075010      0.3373740    
   55.00000       1.385139       1.040900      0.3350565    
   55.10000       1.351076       1.007049      0.3322774    
   55.20000       1.316778      0.9735043      0.3290510    
   55.30000       1.282303      0.9403093      0.3254183    
   55.40000       1.247710      0.9075039      0.3213837    
   55.50000       1.213061      0.8751295      0.3169770    
   55.60000       1.178411      0.8432202      0.3122229    
   55.70000       1.143817      0.8118126      0.3071376    
   55.80000       1.109334      0.7809371      0.3017631    
   55.90000       1.075010      0.7506218      0.2961075    
   56.00000       1.040900      0.7208955      0.2901996    
   56.10000       1.007049      0.6917807      0.2840641    
   56.20000      0.9735043      0.6633008      0.2777187    
   56.30000      0.9403093      0.6354746      0.2712018    
   56.40000      0.9075039      0.6083180      0.2645226    
   56.50000      0.8751295      0.5818477      0.2577075    
   56.60000      0.8432202      0.5560740      0.2507786    
   56.70000      0.8118126      0.5310094      0.2437524    
   56.80000      0.7809371      0.5066608      0.2366636    
   56.90000      0.7506218      0.4830332      0.2295181    
   57.00000      0.7208955      0.4601326      0.2223395    
   57.10000      0.6917807      0.4379592      0.2151462    
   57.20000      0.6633008      0.4165150      0.2079524    
   57.30000      0.6354746      0.3957975      0.2007853    
   57.40000      0.6083180      0.3758030      0.1936499    
   57.50000      0.5818477      0.3565280      0.1865648    
   57.60000      0.5560740      0.3379649      0.1795433    
   57.70000      0.5310094      0.3201076      0.1725954    
   57.80000      0.5066608      0.3029464      0.1657437    
   57.90000      0.4830332      0.2864707      0.1589893    
   58.00000      0.4601326      0.2706706      0.1523451    
   58.10000      0.4379592      0.2555327      0.1458215    
   58.20000      0.4165150      0.2410450      0.1394236    
   58.30000      0.3957975      0.2271933      0.1331673    
   58.40000      0.3758030      0.2139623      0.1270522    
   58.50000      0.3565280      0.2013378      0.1210862    
   58.60000      0.3379649      0.1893032      0.1152747    
   58.70000      0.3201076      0.1778432      0.1096199    
   58.80000      0.3029464      0.1669406      0.1041325    
   58.90000      0.2864707      0.1565781      9.8809287E-02
   59.00000      0.2706706      0.1467393      9.3653947E-02
   59.10000      0.2555327      0.1374062      8.8668734E-02
   59.20000      0.2410450      0.1285621      8.3853118E-02
   59.30000      0.2271933      0.1201891      7.9212911E-02
   59.40000      0.2139623      0.1122694      7.4742958E-02
   59.50000      0.2013378      0.1047863      7.0443876E-02
   59.60000      0.1893032      9.7721890E-02  6.6315860E-02
   59.70000      0.1778432      9.1059610E-02  6.2355746E-02
   59.80000      0.1669406      8.4782302E-02  5.8565199E-02
   59.90000      0.1565781      7.8873098E-02  5.4938737E-02
   60.00000      0.1467393      7.3316090E-02  5.1474851E-02
   60.10000      0.1374062      6.8094790E-02  4.8170943E-02
   60.20000      0.1285621      6.3193910E-02  4.5022782E-02
   60.30000      0.1201891      5.8597915E-02  4.2029817E-02
   60.40000      0.1122694      5.4291662E-02  3.9185882E-02
   60.50000      0.1047863      5.0260983E-02  3.6487751E-02
   60.60000      9.7721890E-02  4.6491437E-02  3.3931818E-02
   60.70000      9.1059610E-02  4.2969640E-02  3.1513203E-02
   60.80000      8.4782302E-02  3.9682217E-02  2.9229416E-02
   60.90000      7.8873098E-02  3.6616277E-02  2.7074335E-02
   61.00000      7.3316090E-02  3.3759769E-02  2.5044009E-02
   61.10000      6.8094790E-02  3.1100603E-02  2.3134219E-02
   61.20000      6.3193910E-02  2.8627604E-02  2.1339843E-02
   61.30000      5.8597915E-02  2.6329748E-02  1.9657558E-02
   61.40000      5.4291662E-02  2.4196479E-02  1.8081561E-02
   61.50000      5.0260983E-02  2.2217993E-02  1.6607590E-02
   61.60000      4.6491437E-02  2.0384567E-02  1.5231336E-02
   61.70000      4.2969640E-02  1.8687233E-02  1.3947884E-02
   61.80000      3.9682217E-02  1.7117253E-02  1.2753598E-02
   61.90000      3.6616277E-02  1.5666323E-02  1.1643355E-02
   62.00000      3.3759769E-02  1.4326729E-02  1.0613022E-02
   62.10000      3.1100603E-02  1.3090946E-02  9.6584596E-03
   62.20000      2.8627604E-02  1.1952037E-02  8.7753693E-03
   62.30000      2.6329748E-02  1.0903312E-02  7.9601733E-03
   62.40000      2.4196479E-02  9.9384543E-03  7.2085219E-03
   62.50000      2.2217993E-02  9.0516154E-03  6.5167313E-03
   62.60000      2.0384567E-02  8.2371589E-03  5.8811628E-03
   62.70000      1.8687233E-02  7.4898968E-03  5.2981833E-03
   62.80000      1.7117253E-02  6.8048681E-03  4.7646407E-03
   62.90000      1.5666323E-02  6.1774240E-03  4.2769979E-03
   63.00000      1.4326729E-02  5.6032762E-03  3.8321011E-03
   63.10000      1.3090946E-02  5.0783292E-03  3.4272156E-03
   63.20000      1.1952037E-02  4.5988215E-03  3.0591565E-03
   63.30000      1.0903312E-02  4.1611926E-03  2.7252275E-03
   63.40000      9.9384543E-03  3.7621199E-03  2.4230620E-03
   63.50000      9.0516154E-03  3.3985584E-03  2.1500532E-03
   63.60000      8.2371589E-03  3.0676154E-03  1.9039615E-03
   63.70000      7.4898968E-03  2.7666471E-03  1.6824772E-03
   63.80000      6.8048681E-03  2.4931738E-03  1.4835513E-03
   63.90000      6.1774240E-03  2.2448890E-03  1.3053681E-03
   64.00000      5.6032762E-03  2.0196883E-03  1.1460579E-03
   64.10000      5.0783483E-03  1.8155972E-03  1.0039632E-03
   64.20000      4.5988015E-03  1.6307839E-03  8.7744748E-04
   64.30000      4.1611767E-03  1.4636002E-03  7.6506002E-04
   64.40000      3.7621199E-03  1.3124833E-03  6.6550559E-04
   64.50000      3.3985584E-03  1.1760095E-03  5.7749776E-04
   64.60000      3.0676257E-03  1.0528665E-03  4.9990189E-04
   64.70000      2.7666367E-03  9.4184087E-04  4.3162398E-04
   64.80000      2.4931643E-03  8.4184296E-04  3.7169189E-04
   64.90000      2.2448890E-03  7.5184793E-04  3.1924859E-04
   65.00000      2.0196883E-03  6.7092525E-04  2.7346140E-04
   65.10000      1.8155972E-03  5.9822446E-04  2.3359848E-04
   65.20000      1.6307839E-03  5.3296104E-04  1.9897496E-04
   65.30000      1.4636002E-03  4.7443464E-04  1.6898435E-04
   65.40000      1.3124833E-03  4.2199026E-04  1.4309156E-04
   65.50000      1.1760095E-03  3.7503717E-04  1.2079505E-04
   65.60000      1.0528665E-03  3.3303638E-04  1.0165488E-04
   65.70000      9.4184087E-04  2.9549515E-04  8.5268410E-05
   65.80000      8.4184296E-04  2.6197423E-04  7.1283226E-05
   65.90000      7.5184793E-04  2.3206642E-04  5.9389560E-05
   66.00000      6.7092525E-04  2.0540525E-04  4.9305589E-05
   66.10000      5.9822446E-04  1.8165872E-04  4.0785872E-05
   66.20000      5.3296104E-04  1.6052467E-04  3.3609904E-05
   66.30000      4.7443464E-04  1.4173523E-04  2.7587696E-05
   66.40000      4.2199026E-04  1.2504273E-04  2.2553813E-05
   66.50000      3.7503717E-04  1.1022635E-04  1.8361066E-05
   66.60000      3.3303638E-04  9.7086173E-05  1.4882920E-05
   66.70000      2.9549515E-04  8.5441869E-05  1.2008645E-05
   66.80000      2.6197423E-04  7.5133503E-05  9.6434878E-06
   66.90000      2.3206642E-04  6.6014909E-05  7.7060231E-06
   67.00000      2.0540525E-04  5.7955669E-05  6.1259889E-06
   67.10000      1.8165872E-04  5.0838793E-05  4.8435209E-06
   67.20000      1.6052467E-04  4.4559049E-05  3.8075880E-06
   67.30000      1.4173523E-04  3.9023496E-05  2.9751477E-06
   67.40000      1.2504273E-04  3.4147735E-05  2.3099233E-06
   67.50000      1.1022635E-04  2.9856814E-05  1.7813753E-06
   67.60000      9.7086173E-05  2.6083782E-05  1.3639327E-06
   67.70000      8.5441869E-05  2.2768672E-05  1.0362604E-06
   67.80000      7.5133503E-05  1.9858922E-05  7.8082638E-07
   67.90000      6.6014909E-05  1.7306895E-05  5.8318534E-07
   68.00000      5.7955669E-05  1.5070501E-05  4.3139468E-07
   68.10000      5.0838793E-05  1.3112397E-05  3.1580527E-07
   68.20000      4.4559049E-05  1.1399280E-05  2.2857212E-07
   68.30000      3.9023496E-05  9.9019871E-06  1.6336416E-07
   68.40000      3.4147735E-05  8.5943511E-06  1.1515401E-07
   68.50000      2.9856814E-05  7.4533064E-06  7.9922614E-08
   68.60000      2.6083782E-05  6.4584860E-06  5.4510132E-08
   68.70000      2.2768672E-05  5.5918167E-06  3.6447339E-08
   68.80000      1.9858922E-05  4.8375514E-06  2.3819476E-08
   68.90000      1.7306895E-05  4.1816074E-06  1.5157473E-08
   69.00000      1.5070501E-05  3.6116635E-06  9.3446788E-09
   69.10000      1.3112397E-05  3.1168504E-06  5.5451617E-09
   69.20000      1.1399280E-05  2.6876053E-06  3.1380640E-09
   69.30000      9.9019871E-06  2.3156126E-06  1.6713877E-09
   69.40000      8.5943511E-06  1.9934757E-06  8.2103757E-10
   69.50000      7.4533064E-06  1.7147560E-06  3.6005354E-10
   69.60000      6.4584860E-06  1.4738004E-06  1.3276295E-10
   69.70000      5.5918167E-06  1.2656545E-06  3.6158864E-11
   69.80000      4.8375514E-06  1.0860315E-06  4.9221929E-12
   69.90000      4.1816074E-06  9.3114141E-07  0.0000000E+00
   70.00000      3.6116635E-06  7.9768955E-07  0.0000000E+00
