   30.00000      2.6331046E-09  8.1185398E-08  0.0000000E+00
   30.10000      3.1498275E-09  9.5544721E-08  1.4178872E-14
   30.20000      3.7648844E-09  1.1235181E-07  1.4038786E-13
   30.30000      4.4963611E-09  1.3200759E-07  5.9813640E-13
   30.40000      5.3655533E-09  1.5497541E-07  1.7894529E-12
   30.50000      6.3975816E-09  1.8179109E-07  4.3971784E-12
   30.60000      7.6218747E-09  2.1307292E-07  9.5208407E-12
   30.70000      9.0730472E-09  2.4953380E-07  1.8862701E-11
   30.80000      1.0791724E-08  2.9199512E-07  3.4982572E-11
   30.90000      1.2825418E-08  3.4140191E-07  6.1634628E-11
   31.00000      1.5229979E-08  3.9884478E-07  1.0422535E-10
   31.10000      1.8070601E-08  4.6557204E-07  1.7039918E-10
   31.20000      2.1423585E-08  5.4301938E-07  2.7079217E-10
   31.30000      2.5377938E-08  6.3283267E-07  4.2002604E-10
   31.40000      3.0037597E-08  7.3689739E-07  6.3802236E-10
   31.50000      3.5523872E-08  8.5737798E-07  9.5154384E-10
   31.60000      4.1977998E-08  9.9674071E-07  1.3961541E-09
   31.70000      4.9564164E-08  1.1578119E-06  2.0189317E-09
   31.80000      5.8473528E-08  1.3438141E-06  2.8816283E-09
   31.90000      6.8927960E-08  1.5584222E-06  4.0644323E-09
   32.00000      8.1185398E-08  1.8058317E-06  5.6707106E-09
   32.10000      9.5544898E-08  2.0908178E-06  7.8333704E-09
   32.20000      1.1235181E-07  2.4187893E-06  1.0721595E-08
   32.30000      1.3200720E-07  2.7959218E-06  1.4550020E-08
   32.40000      1.5497571E-07  3.2292430E-06  1.9589404E-08
   32.50000      1.8179109E-07  3.7266532E-06  2.6178759E-08
   32.60000      2.1307332E-07  4.2971960E-06  3.4741255E-08
   32.70000      2.4953380E-07  4.9510172E-06  4.5802441E-08
   32.80000      2.9199455E-07  5.6996673E-06  6.0011530E-08
   32.90000      3.4140319E-07  6.5561985E-06  7.8169165E-08
   33.00000      3.9884478E-07  7.5352505E-06  1.0125544E-07
   33.10000      4.6557383E-07  8.6534892E-06  1.3046090E-07
   33.20000      5.4301938E-07  9.9295194E-06  1.6724060E-07
   33.30000      6.3283090E-07  1.1384413E-05  2.1335985E-07
   33.40000      7.3690018E-07  1.3041891E-05  2.7093478E-07
   33.50000      8.5737798E-07  1.4928407E-05  3.4251806E-07
   33.60000      9.9674446E-07  1.7073964E-05  4.3116123E-07
   33.70000      1.1578119E-06  1.9511859E-05  5.4050935E-07
   33.80000      1.3438116E-06  2.2279630E-05  6.7492050E-07
   33.90000      1.5584252E-06  2.5419396E-05  8.3952472E-07
   34.00000      1.8058317E-06  2.8977835E-05  1.0404071E-06
   34.10000      2.0908178E-06  3.3007611E-05  1.2847232E-06
   34.20000      2.4187893E-06  3.7566933E-05  1.5808928E-06
   34.30000      2.7959218E-06  4.2721138E-05  1.9388649E-06
   34.40000      3.2292430E-06  4.8543086E-05  2.3700609E-06
   34.50000      3.7266532E-06  5.5113174E-05  2.8879394E-06
   34.60000      4.2971960E-06  6.2521722E-05  3.5081041E-06
   34.70000      4.9510172E-06  7.0867885E-05  4.2485649E-06
   34.80000      5.6996673E-06  8.0262791E-05  5.1303482E-06
   34.90000      6.5561985E-06  9.0829359E-05  6.1773098E-06
   35.00000      7.5352505E-06  1.0270262E-04  7.4172390E-06
   35.10000      8.6534892E-06  1.1603378E-04  8.8817505E-06
   35.20000      9.9295194E-06  1.3098774E-04  1.0606916E-05
   35.30000      1.1384413E-05  1.4774827E-04  1.2634598E-05
   35.40000      1.3041891E-05  1.6651819E-04  1.5011294E-05
   35.50000      1.4928407E-05  1.8751858E-04  1.7790786E-05
   35.60000      1.7073964E-05  2.1099615E-04  2.1033506E-05
   35.70000      1.9511859E-05  2.3721845E-04  2.4807361E-05
   35.80000      2.2279630E-05  2.6648180E-04  2.9190955E-05
   35.90000      2.5419396E-05  2.9911223E-04  3.4269906E-05
   36.00000      2.8977835E-05  3.3546262E-04  4.0142186E-05
   36.10000      3.3007611E-05  3.7592559E-04  4.6916823E-05
   36.20000      3.7566933E-05  4.2092334E-04  5.4715478E-05
   36.30000      4.2721138E-05  4.7092265E-04  6.3677173E-05
   36.40000      4.8543086E-05  5.2643323E-04  7.3950956E-05
   36.50000      5.5113174E-05  5.8800477E-04  8.5707194E-05
   36.60000      6.2521722E-05  6.5624487E-04  9.9132179E-05
   36.70000      7.0867885E-05  7.3180295E-04  1.1443314E-04
   36.80000      8.0262791E-05  8.1539544E-04  1.3184446E-04
   36.90000      9.0829359E-05  9.0779859E-04  1.5161232E-04
   37.00000      1.0270262E-04  1.0098441E-03  1.7401903E-04
   37.10000      1.1603378E-04  1.1224488E-03  1.9936939E-04
   37.20000      1.3098774E-04  1.2465869E-03  2.2799698E-04
   37.30000      1.4774827E-04  1.3833236E-03  2.6028181E-04
   37.40000      1.6651819E-04  1.5338128E-03  2.9661303E-04
   37.50000      1.8751858E-04  1.6992792E-03  3.3743755E-04
   37.60000      2.1099615E-04  1.8810671E-03  3.8323272E-04
   37.70000      2.3721845E-04  2.0805963E-03  4.3451157E-04
   37.80000      2.6648180E-04  2.2994108E-03  4.9186521E-04
   37.90000      2.9911223E-04  2.5391742E-03  5.5588409E-04
   38.00000      3.3546262E-04  2.8016381E-03  6.2724773E-04
   38.10000      3.7592559E-04  3.0887236E-03  7.0666935E-04
   38.20000      4.2092334E-04  3.4024341E-03  7.9491397E-04
   38.30000      4.7092265E-04  3.7449484E-03  8.9286407E-04
   38.40000      5.2643323E-04  4.1185948E-03  1.0013797E-03
   38.50000      5.8800477E-04  4.5258077E-03  1.1214558E-03
   38.60000      6.5624487E-04  4.9692439E-03  1.2541139E-03
   38.70000      7.3180295E-04  5.4516559E-03  1.4004605E-03
   38.80000      8.1539544E-04  5.9760185E-03  1.5617693E-03
   38.90000      9.0779859E-04  6.5454943E-03  1.7392271E-03
   39.00000      1.0098441E-03  7.1633644E-03  1.9342471E-03
   39.10000      1.1224488E-03  7.8331875E-03  2.1482692E-03
   39.20000      1.2465869E-03  8.5586263E-03  2.3827928E-03
   39.30000      1.3833236E-03  9.3436167E-03  2.6396050E-03
   39.40000      1.5338128E-03  1.0192317E-02  2.9203212E-03
   39.50000      1.6992792E-03  1.1108996E-02  3.2268392E-03
   39.60000      1.8810671E-03  1.2098280E-02  3.5611084E-03
   39.70000      2.0805963E-03  1.3164874E-02  3.9251274E-03
   39.80000      2.2994108E-03  1.4313802E-02  4.3212953E-03
   39.90000      2.5391742E-03  1.5550345E-02  4.7516897E-03
   40.00000      2.8016381E-03  1.6879885E-02  5.2188574E-03
   40.10000      3.0887236E-03  1.8308200E-02  5.7252827E-03
   40.20000      3.4024341E-03  1.9841108E-02  6.2735192E-03
   40.30000      3.7449484E-03  2.1484820E-02  6.8667489E-03
   40.40000      4.1185948E-03  2.3245785E-02  7.5074956E-03
   40.50000      4.5258077E-03  2.5130492E-02  8.1989858E-03
   40.60000      4.9692439E-03  2.7145913E-02  8.9443428E-03
   40.70000      5.4516559E-03  2.9298957E-02  9.7466940E-03
   40.80000      5.9760185E-03  3.1596955E-02  1.0610023E-02
   40.90000      6.5454943E-03  3.4047492E-02  1.1537341E-02
   41.00000      7.1633644E-03  3.6658045E-02  1.2532535E-02
   41.10000      7.8331875E-03  3.9436650E-02  1.3599318E-02
   41.20000      8.5586263E-03  4.2391151E-02  1.4741357E-02
   41.30000      9.3436167E-03  4.5529805E-02  1.5963502E-02
   41.40000      1.0192317E-02  4.8861060E-02  1.7269006E-02
   41.50000      1.1108996E-02  5.2393142E-02  1.8662402E-02
   41.60000      1.2098280E-02  5.6134861E-02  2.0147990E-02
   41.70000      1.3164874E-02  6.0094561E-02  2.1729622E-02
   41.80000      1.4313802E-02  6.4281054E-02  2.3412876E-02
   41.90000      1.5550345E-02  6.8703279E-02  2.5201295E-02
   42.00000      1.6879885E-02  7.3369652E-02  2.7099719E-02
   42.10000      1.8308200E-02  7.8289218E-02  2.9112369E-02
   42.20000      1.9841108E-02  8.3470277E-02  3.1243473E-02
   42.30000      2.1484820E-02  8.8921577E-02  3.3499211E-02
   42.40000      2.3245785E-02  9.4651848E-02  3.5882294E-02
   42.50000      2.5130492E-02  0.1006689      3.8397819E-02
   42.60000      2.7145913E-02  0.1069814      4.1049905E-02
   42.70000      2.9298957E-02  0.1135966      4.3842062E-02
   42.80000      3.1596955E-02  0.1205225      4.6780884E-02
   42.90000      3.4047492E-02  0.1277666      4.9867813E-02
   43.00000      3.6658045E-02  0.1353353      5.3107288E-02
   43.10000      3.9436650E-02  0.1432357      5.6502886E-02
   43.20000      4.2391151E-02  0.1514732      6.0056791E-02
   43.30000      4.5529805E-02  0.1600538      6.3775003E-02
   43.40000      4.8861060E-02  0.1689828      6.7657098E-02
   43.50000      5.2393142E-02  0.1782640      7.1706660E-02
   43.60000      5.6134861E-02  0.1879019      7.5924926E-02
   43.70000      6.0094561E-02  0.1978988      8.0311924E-02
   43.80000      6.4281054E-02  0.2082575      8.4873557E-02
   43.90000      6.8703279E-02  0.2189800      8.9605771E-02
   44.00000      7.3369652E-02  0.2300663      9.4509825E-02
   44.10000      7.8289218E-02  0.2415170      9.9584557E-02
   44.20000      8.3470277E-02  0.2533304      0.1048270    
   44.30000      8.8921577E-02  0.2655047      0.1102415    
   44.40000      9.4651848E-02  0.2780375      0.1158188    
   44.50000      0.1006689      0.2909238      0.1215575    
   44.60000      0.1069814      0.3041595      0.1274543    
   44.70000      0.1135966      0.3177373      0.1335009    
   44.80000      0.1205225      0.3316504      0.1396994    
   44.90000      0.1277666      0.3458909      0.1460351    
   45.00000      0.1353353      0.3604478      0.1525036    
   45.10000      0.1432357      0.3753115      0.1590963    
   45.20000      0.1514732      0.3904685      0.1658008    
   45.30000      0.1600538      0.4059063      0.1726161    
   45.40000      0.1689828      0.4216107      0.1795212    
   45.50000      0.1782640      0.4375648      0.1865080    
   45.60000      0.1879019      0.4537526      0.1935626    
   45.70000      0.1978988      0.4701547      0.2006681    
   45.80000      0.2082575      0.4867522      0.2078201    
   45.90000      0.2189800      0.5035250      0.2149906    
   46.00000      0.2300663      0.5204501      0.2221685    
   46.10000      0.2415170      0.5375059      0.2293352    
   46.20000      0.2533304      0.5546669      0.2364675    
   46.30000      0.2655047      0.5719087      0.2435590    
   46.40000      0.2780375      0.5892062      0.2505771    
   46.50000      0.2909238      0.6065307      0.2575055    
   46.60000      0.3041595      0.6238557      0.2643214    
   46.70000      0.3177373      0.6411515      0.2709989    
   46.80000      0.3316504      0.6583890      0.2775309    
   46.90000      0.3458909      0.6755390      0.2838769    
   47.00000      0.3604478      0.6925693      0.2900203    
   47.10000      0.3753115      0.7094503      0.2959368    
   47.20000      0.3904685      0.7261491      0.3015957    
   47.30000      0.4059063      0.7426347      0.3069904    
   47.40000      0.4216107      0.7588751      0.3120802    
   47.50000      0.4375648      0.7748374      0.3168460    
   47.60000      0.4537526      0.7904906      0.3212618    
   47.70000      0.4701547      0.8058012      0.3253002    
   47.80000      0.4867522      0.8207382      0.3289554    
   47.90000      0.5035250      0.8352705      0.3321847    
   48.00000      0.5204501      0.8493658      0.3349732    
   48.10000      0.5375059      0.8629948      0.3372994    
   48.20000      0.5546669      0.8761265      0.3391332    
   48.30000      0.5719087      0.8887323      0.3404776    
   48.40000      0.5892062      0.9007842      0.3412931    
   48.50000      0.6065307      0.9122541      0.3415651    
   48.60000      0.6238557      0.9231166      0.3412820    
   48.70000      0.6411515      0.9333459      0.3404188    
   48.80000      0.6583890      0.9429183      0.3389816    
   48.90000      0.6755390      0.9518121      0.3369398    
   49.00000      0.6925693      0.9600055      0.3342882    
   49.10000      0.7094503      0.9674795      0.3310201    
   49.20000      0.7261491      0.9742159      0.3271216    
   49.30000      0.7426347      0.9801987      0.3226032    
   49.40000      0.7588751      0.9854136      0.3174450    
   49.50000      0.7748374      0.9898478      0.3116557    
   49.60000      0.7904906      0.9934908      0.3052319    
   49.70000      0.8058012      0.9963333      0.2981723    
   49.80000      0.8207382      0.9983686      0.2904999    
   49.90000      0.8352705      0.9995919      0.2822023    
   50.00000      0.8493658       1.000000      0.2732989    
   50.10000      0.8629948      0.9995919      0.2637997    
   50.20000      0.8761265      0.9983686      0.2537118    
   50.30000      0.8887323      0.9963333      0.2430681    
   50.40000      0.9007842      0.9934906      0.2318714    
   50.50000      0.9122541      0.9898478      0.2201466    
   50.60000      0.9231166      0.9854134      0.2079164    
   50.70000      0.9333459      0.9801987      0.1951991    
   50.80000      0.9429183      0.9742159      0.1820347    
   50.90000      0.9518121      0.9674792      0.1684402    
   51.00000      0.9600055      0.9600055      0.1544444    
   51.10000      0.9674795      0.9518118      0.1400820    
   51.20000      0.9742159      0.9429183      0.1253823    
   51.30000      0.9801987      0.9333459      0.1103841    
   51.40000      0.9854136      0.9231161      9.5118575E-02
   51.50000      0.9898478      0.9122541      7.9622127E-02
   51.60000      0.9934908      0.9007837      6.3931793E-02
   51.70000      0.9963333      0.8887323      4.8084568E-02
   51.80000      0.9983686      0.8761265      3.2122187E-02
   51.90000      0.9995919      0.8629944      1.6081659E-02
   52.00000       1.000000      0.8493658      0.0000000E+00
   52.10000      0.9995919      0.8352699     -1.6081659E-02
   52.20000      0.9983686      0.8207382     -3.2122776E-02
   52.30000      0.9963333      0.8058012     -4.8086330E-02
   52.40000      0.9934906      0.7904900     -6.3931786E-02
   52.50000      0.9898478      0.7748374     -7.9623297E-02
   52.60000      0.9854134      0.7588745     -9.5119737E-02
   52.70000      0.9801987      0.7426347     -0.1103835    
   52.80000      0.9742159      0.7261491     -0.1253864    
   52.90000      0.9674792      0.7094497     -0.1400843    
   53.00000      0.9600055      0.6925693     -0.1544473    
   53.10000      0.9518118      0.6755382     -0.1684436    
   53.20000      0.9429183      0.6583890     -0.1820375    
   53.30000      0.9333459      0.6411515     -0.1952100    
   53.40000      0.9231161      0.6238551     -0.2079236    
   53.50000      0.9122541      0.6065307     -0.2201572    
   53.60000      0.9007837      0.5892054     -0.2318842    
   53.70000      0.8887323      0.5719087     -0.2430782    
   53.80000      0.8761265      0.5546669     -0.2537351    
   53.90000      0.8629944      0.5375052     -0.2638225    
   54.00000      0.8493658      0.5204501     -0.2733269    
   54.10000      0.8352699      0.5035244     -0.2822354    
   54.20000      0.8207382      0.4867522     -0.2905344    
   54.30000      0.8058012      0.4701547     -0.2982250    
   54.40000      0.7904900      0.4537520     -0.3052866    
   54.50000      0.7748374      0.4375648     -0.3117198    
   54.60000      0.7588745      0.4216101     -0.3175192    
   54.70000      0.7426347      0.4059063     -0.3226830    
   54.80000      0.7261491      0.3904685     -0.3272257    
   54.90000      0.7094497      0.3753109     -0.3311321    
   55.00000      0.6925693      0.3604478     -0.3344162    
   55.10000      0.6755382      0.3458903     -0.3370824    
   55.20000      0.6583890      0.3316504     -0.3391349    
   55.30000      0.6411515      0.3177373     -0.3406040    
   55.40000      0.6238551      0.3041590     -0.3414792    
   55.50000      0.6065307      0.2909238     -0.3417836    
   55.60000      0.5892054      0.2780370     -0.3415319    
   55.70000      0.5719087      0.2655047     -0.3407309    
   55.80000      0.5546669      0.2533304     -0.3394223    
   55.90000      0.5375052      0.2415166     -0.3376035    
   56.00000      0.5204501      0.2300663     -0.3352990    
   56.10000      0.5035244      0.2189796     -0.3325321    
   56.20000      0.4867522      0.2082575     -0.3293171    
   56.30000      0.4701547      0.1978988     -0.3256943    
   56.40000      0.4537520      0.1879015     -0.3216683    
   56.50000      0.4375648      0.1782640     -0.3172673    
   56.60000      0.4216101      0.1689824     -0.3125165    
   56.70000      0.4059063      0.1600538     -0.3074326    
   56.80000      0.3904685      0.1514732     -0.3020563    
   56.90000      0.3753109      0.1432354     -0.2963963    
   57.00000      0.3604478      0.1353353     -0.2904795    
   57.10000      0.3458903      0.1277663     -0.2843314    
   57.20000      0.3316504      0.1205225     -0.2779701    
   57.30000      0.3177373      0.1135966     -0.2714331    
   57.40000      0.3041590      0.1069811     -0.2647285    
   57.50000      0.2909238      0.1006689     -0.2578842    
   57.60000      0.2780370      9.4651602E-02 -0.2509212    
   57.70000      0.2655047      8.8921577E-02 -0.2438556    
   57.80000      0.2533304      8.3470277E-02 -0.2367230    
   57.90000      0.2415166      7.8289032E-02 -0.2295287    
   58.00000      0.2300663      7.3369652E-02 -0.2222960    
   58.10000      0.2189796      6.8703115E-02 -0.2150442    
   58.20000      0.2082575      6.4281054E-02 -0.2077871    
   58.30000      0.1978988      6.0094561E-02 -0.2005521    
   58.40000      0.1879015      5.6134701E-02 -0.1933448    
   58.50000      0.1782640      5.2393142E-02 -0.1861835    
   58.60000      0.1689824      4.8860945E-02 -0.1790821    
   58.70000      0.1600538      4.5529805E-02 -0.1720513    
   58.80000      0.1514732      4.2391151E-02 -0.1651131    
   58.90000      0.1432354      3.9436549E-02 -0.1582701    
   59.00000      0.1353353      3.6658045E-02 -0.1515353    
   59.10000      0.1277663      3.4047395E-02 -0.1449192    
   59.20000      0.1205225      3.1596955E-02 -0.1384281    
   59.30000      0.1135966      2.9298957E-02 -0.1320781    
   59.40000      0.1069811      2.7145831E-02 -0.1258691    
   59.50000      0.1006689      2.5130492E-02 -0.1198100    
   59.60000      9.4651602E-02  2.3245718E-02 -0.1139066    
   59.70000      8.8921577E-02  2.1484820E-02 -0.1081619    
   59.80000      8.3470277E-02  1.9841108E-02 -0.1025866    
   59.90000      7.8289032E-02  1.8308138E-02 -9.7178370E-02
   60.00000      7.3369652E-02  1.6879885E-02 -9.1941535E-02
   60.10000      6.8703115E-02  1.5550301E-02 -8.6878873E-02
   60.20000      6.4281054E-02  1.4313802E-02 -8.1990197E-02
   60.30000      6.0094561E-02  1.3164874E-02 -7.7281579E-02
   60.40000      5.6134701E-02  1.2098240E-02 -7.2748683E-02
   60.50000      5.2393142E-02  1.1108996E-02 -6.8392269E-02
   60.60000      4.8860945E-02  1.0192283E-02 -6.4212807E-02
   60.70000      4.5529805E-02  9.3436167E-03 -6.0207654E-02
   60.80000      4.2391151E-02  8.5586263E-03 -5.6378424E-02
   60.90000      3.9436549E-02  7.8331614E-03 -5.2719902E-02
   61.00000      3.6658045E-02  7.1633644E-03 -4.9230695E-02
   61.10000      3.4047395E-02  6.5454729E-03 -4.5908395E-02
   61.20000      3.1596955E-02  5.9760185E-03 -4.2748757E-02
   61.30000      2.9298957E-02  5.4516559E-03 -3.9750982E-02
   61.40000      2.7145831E-02  4.9692271E-03 -3.6909051E-02
   61.50000      2.5130492E-02  4.5258077E-03 -3.4219608E-02
   61.60000      2.3245718E-02  4.1185794E-03 -3.1678811E-02
   61.70000      2.1484820E-02  3.7449484E-03 -2.9281514E-02
   61.80000      1.9841108E-02  3.4024341E-03 -2.7024962E-02
   61.90000      1.8308138E-02  3.0887120E-03 -2.4902843E-02
   62.00000      1.6879885E-02  2.8016381E-03 -2.2910854E-02
   62.10000      1.5550301E-02  2.5391646E-03 -2.1044340E-02
   62.20000      1.4313802E-02  2.2994108E-03 -1.9297954E-02
   62.30000      1.3164874E-02  2.0805963E-03 -1.7667765E-02
   62.40000      1.2098240E-02  1.8810600E-03 -1.6147638E-02
   62.50000      1.1108996E-02  1.6992792E-03 -1.4732944E-02
   62.60000      1.0192283E-02  1.5338077E-03 -1.3418889E-02
   62.70000      9.3436167E-03  1.3833236E-03 -1.2200189E-02
   62.80000      8.5586263E-03  1.2465869E-03 -1.1072601E-02
   62.90000      7.8331614E-03  1.1224445E-03 -1.0030725E-02
   63.00000      7.1633644E-03  1.0098441E-03 -9.0699941E-03
   63.10000      6.5454729E-03  9.0779475E-04 -8.1858020E-03
   63.20000      5.9760185E-03  8.1539544E-04 -7.3734624E-03
   63.30000      5.4516559E-03  7.3180295E-04 -6.6290097E-03
   63.40000      4.9692271E-03  6.5624167E-04 -5.9478148E-03
   63.50000      4.5258077E-03  5.8800477E-04 -5.3257993E-03
   63.60000      4.1185794E-03  5.2643096E-04 -4.7590393E-03
   63.70000      3.7449484E-03  4.7092265E-04 -4.2436263E-03
   63.80000      3.4024341E-03  4.2092334E-04 -3.7760856E-03
   63.90000      3.0887120E-03  3.7592396E-04 -3.3527187E-03
   64.00000      2.8016381E-03  3.3546262E-04 -2.9702315E-03
   64.10000      2.5391742E-03  2.9911223E-04 -2.6254607E-03
   64.20000      2.2994007E-03  2.6648052E-04 -2.3153408E-03
   64.30000      2.0805884E-03  2.3721732E-04 -2.0371410E-03
   64.40000      1.8810600E-03  2.1099513E-04 -1.7880676E-03
   64.50000      1.6992792E-03  1.8751858E-04 -1.5656047E-03
   64.60000      1.5338128E-03  1.6651819E-04 -1.3674260E-03
   64.70000      1.3833183E-03  1.4774757E-04 -1.1912811E-03
   64.80000      1.2465821E-03  1.3098711E-04 -1.0351548E-03
   64.90000      1.1224445E-03  1.1603321E-04 -8.9710095E-04
   65.00000      1.0098441E-03  1.0270262E-04 -7.7533349E-04
   65.10000      9.0779859E-04  9.0829359E-05 -6.6826359E-04
   65.20000      8.1539195E-04  8.0262333E-05 -5.7432696E-04
   65.30000      7.3180010E-04  7.0867616E-05 -4.9214024E-04
   65.40000      6.5624167E-04  6.2521365E-05 -4.2047014E-04
   65.50000      5.8800477E-04  5.5113174E-05 -3.5813643E-04
   65.60000      5.2643323E-04  4.8543086E-05 -3.0409064E-04
   65.70000      4.7092044E-04  4.2720934E-05 -2.5735726E-04
   65.80000      4.2092148E-04  3.7566751E-05 -2.1707494E-04
   65.90000      3.7592396E-04  3.3007454E-05 -1.8247627E-04
   66.00000      3.3546262E-04  2.8977835E-05 -1.5284953E-04
   66.10000      2.9911223E-04  2.5419396E-05 -1.2756968E-04
   66.20000      2.6648052E-04  2.2279524E-05 -1.0606635E-04
   66.30000      2.3721732E-04  1.9511748E-05 -8.7841254E-05
   66.40000      2.1099513E-04  1.7073868E-05 -7.2456052E-05
   66.50000      1.8751858E-04  1.4928407E-05 -5.9514899E-05
   66.60000      1.6651819E-04  1.3041891E-05 -4.8673122E-05
   66.70000      1.4774757E-04  1.1384336E-05 -3.9625134E-05
   66.80000      1.3098711E-04  9.9294612E-06 -3.2106131E-05
   66.90000      1.1603321E-04  8.6534474E-06 -2.5885949E-05
   67.00000      1.0270262E-04  7.5352505E-06 -2.0763116E-05
   67.10000      9.0829359E-05  6.5561985E-06 -1.6563976E-05
   67.20000      8.0262333E-05  5.6996400E-06 -1.3138384E-05
   67.30000      7.0867616E-05  4.9509936E-06 -1.0358413E-05
   67.40000      6.2521365E-05  4.2971756E-06 -8.1148764E-06
   67.50000      5.5113174E-05  3.7266532E-06 -6.3145726E-06
   67.60000      4.8543086E-05  3.2292430E-06 -4.8785537E-06
   67.70000      4.2720934E-05  2.7959084E-06 -3.7401060E-06
   67.80000      3.7566751E-05  2.4187757E-06 -2.8437955E-06
   67.90000      3.3007454E-05  2.0908037E-06 -2.1433070E-06
   68.00000      2.8977835E-05  1.8058317E-06 -1.5999154E-06
   68.10000      2.5419396E-05  1.5584252E-06 -1.1819483E-06
   68.20000      2.2279524E-05  1.3438026E-06 -8.6331835E-07
   68.30000      1.9511748E-05  1.1578063E-06 -6.2271414E-07
   68.40000      1.7073868E-05  9.9673787E-07 -4.4300737E-07
   68.50000      1.4928407E-05  8.5737798E-07 -3.1032695E-07
   68.60000      1.3041891E-05  7.3690018E-07 -2.1363263E-07
   68.70000      1.1384336E-05  6.3282727E-07 -1.4418461E-07
   68.80000      9.9294612E-06  5.4301574E-07 -9.5120278E-08
   68.90000      8.6534474E-06  4.6557071E-07 -6.1106526E-08
   69.00000      7.5352505E-06  3.9884478E-07 -3.8034582E-08
   69.10000      6.5561985E-06  3.4140319E-07 -2.2788640E-08
   69.20000      5.6996400E-06  2.9199259E-07 -1.3022777E-08
   69.30000      4.9509936E-06  2.4953212E-07 -7.0049508E-09
   69.40000      4.2971756E-06  2.1307231E-07 -3.4756187E-09
   69.50000      3.7266532E-06  1.8179109E-07 -1.5397187E-09
   69.60000      3.2292430E-06  1.5497571E-07 -5.7361488E-10
   69.70000      2.7959084E-06  1.3200645E-07 -1.5786493E-10
   69.80000      2.4187757E-06  1.1235095E-07 -2.1714979E-11
   69.90000      2.0908037E-06  9.5544351E-08  0.0000000E+00
   70.00000      1.8058317E-06  8.1185398E-08  0.0000000E+00
