   9.114658         3.650990    
   12.08662         4.981436    
   15.05858         9.498762    
   18.03054         9.653465    
   21.00251         20.08045    
   23.97447         17.72896    
   26.94643         10.08663    
   29.91839         7.023515    
   32.89035         3.620049    
   35.86232         6.311881    
   38.83428         4.331683    
   41.80624         1.051980    
   44.77821         1.144802    
   47.75017        0.4641089    
   50.72213        0.1237624    
   53.69409        6.1881188E-02
   56.66605        6.1881188E-02
   59.63802        6.1881188E-02
   62.60998        0.0000000E+00
   65.58194        6.1881188E-02
